Resolver: 8.8.8.8
8
3
3
7
3
3
3
7
3
3
4
3
3
3
3
3
6
3
3
3
7
3
3
7
3
7
3
3
7
3
3
3
3
3
3
4
7
3
3
5
9
3
4
3
3
3
3
7
3
7
3
3
3
3
3
7
3
3
3
7
7
3
3
3
3
3
3
5
3
3
3
3
3
6
3
3
7
5
3
3
7
3
5
7
3
3
3
3
3
5
3
3
3
3
3
3
5
3
3
3
7
3
3
3
3
3
4
4
3
3
4
3
3
4
4
3
3
3
7
3
3
3
7
3
3
3
3
3
3
3
3
4
3
3
3
7
3
3
3
3
3
3
6
7
3
3
3
3
3
3
7
3
3
4
3
7
3
3
3
3
4
3
6
3
4
3
3
3
6
7
3
3
3
5
3
3
3
3
3
3
3
6
6
5
3
7
3
3
3
7
6
3
3
6
3
7
3
3
3
3
3
3
3
3
3
3
3
7
3
6
3
3
3
50
4
3
3
3
3
3
3
4
3
7
7
3
5
6
3
3
7
5
5
5
7
3
3
3
3
3
3
4
3
3
7
8
6
7
7
7
5
3
3
3
8
3
3
3
3
3
3
3
3
3
7
4
6
5
5
3
3
3
4
3
3
5
3
3
3
3
7
3
3
4
3
3
3
3
3
3
3
3
7
3
3
3
3
3
3
3
3
7
3
3
3
7
5
6
3
6
3
3
5
4
6
3
6
3
5
3
6
3
3
3
3
5
3
6
7
3
3
3
3
3
3
5
7
7
7
3
3
3
7
3
3
3
3
3
4
3
6
7
3
3
3
3
3
3
7
3
3
3
3
3
3
3
3
7
3
7
3
3
3
4
3
5
3
3
3
4
6
3
3
3
3
7
7
5
3
4
3
4
3
4
3
3
3
3
3
3
3
3
6
4
3
3
6
6
3
3
4
3
3
7
8
3
3
3
3
3
7
3
3
3
7
7
3
3
3
3
7
3
4
3
4
3
3
3
4
5
5
3
10
4
5
6
6
3
4
3
3
3
3
3
3
3
3
5
3
6
7
3
7
5
3
5
3
3
5
9
3
3
7
7
3
3
4
4
3
3
3
3
3
4
3
3
3
3
7
4
3
5
3
3
7
4
3
3
3
3
3
7
5
3
5
5
8
28
3
3
5
4
7
3
3
3
3
3
3
7
3
7
3
13
6
3
3
3
3
7
3
6
3
3
3
3
3
5
3
3
3
3
3
3
3
3
3
3
3
3
3
3
3
3
3
3
3
3
3
3
5
3
3
7
3
5
3
3
3
7
3
3
3
3
5
3
3
4
3
3
3
3
3
4
3
7
3
3
4
3
3
3
3
3
3
3
3
3
3
5
3
3
3
7
3
3
3
3
3
4
7
3
3
3
6
7
3
3
3
4
3
5
3
3
3
3
3
3
3
8
3
3
3
3
3
3
16
3
4
3
3
7
3
3
3
3
3
4
7
3
4
3
3
3
7
3
3
3
3
7
3
7
3
3
3
3
3
3
3
3
7
3
3
3
3
4
3
3
7
3
3
3
3
3
3
3
3
3
21
3
3
3
3
3
4
3
3
3
3
3
4
3
7
6
3
5
6
9
3
3
3
3
3
3
3
3
7
3
7
3
3
41
3
5
4
3
7
3
3
3
3
7
3
7
7
6
3
3
3
7
4
3
7
6
3
3
6
7
3
3
3
7
3
6
3
3
6
4
7
3
3
3
3
5
3
7
6
4
3
3
7
5
3
3
3
5
3
3
5
3
3
3
4
4
3
4
3
4
3
3
8
6
6
3
3
3
3
7
3
9
7
3
3
3
3
7
3
5
3
6
5
7
3
7
3
3
3
3
3
3
3
3
3
3
3
3
3
3
3
3
6
3
6
5
3
3
3
3
3
6
3
3
3
3
3
3
6
3
6
3
3
3
3
3
3
3
3
3
3
6
3
3
3
6
6
3
11
3
3
3
6
3
3
3
3
9
3
3
3
3
6
3
4
3
3
6
3
145
3
3
3
3
3
6
6
3
3
3
3
4
3
3
7
5
5
5
3
3
3
3
3
3
8
3
3
3
3
3
3
3
3
3
3
3
7
3
3
7
4
3
3
3
3
4
4
4
4
3
5
7
4
4
6
3
3
3
6
3
3
7
3
4
5
3
3
3
4
4
4
7
3
3
3
3
5
7
4
4
4
7
3
3
3
3
3
6
3
3
5
3
3
3
3
7
7
3
5
5
3
7
3
3
7
7
5
3
4
3
3
3
3
3
7
34
6
3
Resolver: 1.1.1.1
4
4
4
4
4
3
4
3
4
3
3
6
3
4
4
4
4
4
4
4
4
4
3
4
4
3
3
4
4
6
4
6
24
24
3
4
5
4
4
3
3
3
4
4
4
4
4
3
4
4
3
3
5
4
4
3
4
4
4
4
4
4
3
3
4
4
4
121
4
6
119
5
4
6
4
4
5
3
4
123
5
5
4
3
4
4
120
4
4
4
4
4
3
3
3
4
4
3
4
4
4
4
4
5
4
3
4
4
4
4
3
4
4
4
3
4
15
3
4
6
4
9
3
4
4
4
3
4
3
4
3
4
4
5
4
4
6
4
4
4
4
14
4
4
3
4
4
4
4
3
4
4
4
4
4
4
4
4
4
4
4
3
4
4
4
4
3
5
4
4
5
4
4
4
4
4
3
4
4
3
4
4
4
4
4
3
3
4
4
3
4
4
4
4
3
4
4
4
3
3
3
4
4
4
4
6
4
3
3
3
3
4
4
3
3
4
4
3
4
4
4
4
4
10
4
6
4
3
4
9
4
4
4
3
9
4
3
4
4
4
4
3
5
4
4
4
3
4
4
7
4
6
4
6
4
4
3
3
3
4
3
5
4
4
5
6
4
15
4
4
4
3
3
4
6
4
5
4
4
4
3
3
4
4
3
3
4
3
3
3
150
4
3
4
4
4
4
4
9
4
4
5
4
4
3
4
4
4
3
4
4
4
4
4
4
4
4
4
4
4
3
3
4
3
4
5
4
5
4
4
4
5
10
3
8
4
3
4
4
4
4
4
5
3
6
3
4
4
3
3
4
4
4
4
4
4
4
4
4
3
5
4
4
4
3
3
3
5
4
3
4
4
4
4
4
4
4
3
6
4
5
4
3
3
4
3
4
4
5
3
4
7
4
3
3
4
3
4
4
3
3
3
4
4
8
4
4
4
18
4
5
6
5
4
4
4
9
5
28
36
34
27
26
20
18
4
4
4
3
4
6
4
4
4
4
4
3
4
4
5
3
4
3
4
4
4
4
3
4
25
4
5
3
4
4
4
3
3
4
3
4
5
4
4
4
4
4
4
4
4
4
4
4
3
4
4
5
4
3
8
6
5
4
4
3
4
4
4
4
4
4
4
4
4
4
208
3
4
3
4
4
4
7
3
4
4
4
4
4
4
5
4
14
4
4
3
4
4
4
3
5
4
4
4
21
3
4
184
3
3
3
4
4
4
3
4
3
3
4
3
4
3
3
4
4
3
4
4
3
4
4
4
4
5
9
3
6
8
3
4
3
3
3
3
4
3
5
5
4
4
4
4
4
4
4
4
4
4
5
3
4
3
3
3
4
4
3
4
4
3
4
4
3
4
4
4
6
4
4
4
4
3
3
3
5
4
4
3
3
4
3
4
4
4
3
4
4
3
4
5
3
4
3
4
4
4
3
3
5
4
4
5
4
4
4
3
15
3
4
3
4
4
4
4
4
3
4
4
6
4
4
4
7
4
4
4
4
4
4
3
3
4
3
4
5
4
3
4
4
4
4
3
4
3
4
4
4
4
5
3
4
4
3
3
3
4
4
4
12
4
3
3
4
3
3
4
3
4
4
3
4
4
4
4
4
4
4
4
4
3
3
4
5
4
4
4
5
4
5
4
4
19
9
6
4
280
3
4
4
4
4
4
6
3
4
9
5
3
4
3
4
4
4
6
4
4
4
4
5
600
4
6
4
4
4
4
4
3
4
6
3
4
3
4
3
5
5
4
4
4
6
4
6
4
3
4
5
4
3
4
4
4
4
4
31
5
3
4
4
3
4
4
4
4
3
3
3
4
4
4
6
3
4
4
4
5
4
4
3
3
4
3
5
3
4
4
4
3
4
4
4
4
3
3
4
6
4
3
6
4
3
3
3
4
4
4
5
4
4
270
3
334
5
3
5
4
4
4
3
4
4
5
4
4
4
4
5
4
4
4
5
3
4
5
5
4
4
4
3
3
291
4
3
4
4
3
3
4
3
20
5
5
6
4
11
3
3
4
3
4
7
4
3
4
4
3
4
4
4
4
4
4
4
4
4
4
4
5
6
4
6
3
4
4
4
3
4
5
4
4
3
5
7
3
4
4
6
4
6
6
5
4
5
3
3
4
3
4
4
4
4
4
4
4
4
25
25
25
24
208
41
5
4
4
6
4
3
5
3
173
4
3
4
3
4
4
4
4
3
5
4
3
6
4
6
3
4
4
3
4
4
3
3
6
5
4
4
4
6
3
4
4
4
3
4
5
7
3
5
4
22
4
4
14
4
4
Resolver:
