Resolver: 8.8.8.8
53
64
78
24
64
56
95
78
82
59
61
43
72
89
70
55
77
75
55
48
66
112
79
26
82
24
80
57
24
68
104
71
69
40
116
24
86
54
80
74
94
48
77
65
55
102
54
67
57
76
61
72
256
95
75
25
24
61
24
25
80
60
50
54
127
24
237
80
68
65
75
75
89
69
86
68
88
71
56
51
75
247
61
49
63
27
25
62
59
82
226
1070
70
62
23
68
40
50
74
56
78
131
77
81
67
76
58
23
51
68
65
30
74
49
70
78
79
239
50
198
74
69
70
64
278
58
72
73
72
272
66
86
206
61
38
68
278
40
64
7
71
64
38
49
69
82
237
75
67
73
74
56
80
75
124
78
43
80
392
51
43
25
88
1068
69
58
70
83
68
64
65
70
79
71
92
79
51
73
54
113
242
24
229
55
244
49
104
75
40
120
83
88
41
50
24
70
88
72
83
72
78
34
24
69
40
74
86
24
111
82
65
65
27
85
61
71
63
24
45
231
239
102
92
65
84
52
82
77
24
23
76
292
26
64
88
101
24
74
62
139
40
47
52
68
250
65
30
245
75
100
45
25
113
61
129
67
26
39
65
24
102
26
64
68
78
67
82
42
447
79
75
83
25
227
59
57
92
44
40
86
25
66
38
92
67
84
7
69
28
63
41
70
66
54
64
106
90
26
95
203
39
26
58
64
70
247
89
84
106
82
77
83
65
39
87
69
84
75
223
72
81
80
107
72
40
215
72
42
69
122
39
47
77
67
58
69
73
49
48
50
25
76
24
110
26
104
58
96
6
111
63
41
72
38
54
65
67
7
57
Resolver: 1.1.1.1
106
48
96
86
104
62
157
68
81
58
87
64
78
112
132
81
80
100
89
74
103
92
162
57
91
100
85
89
73
73
86
76
109
118
93
138
65
104
83
157
103
39
95
60
68
89
77
87
85
159
83
30
72
266
59
58
35
47
77
89
93
105
84
96
89
104
73
96
93
70
161
94
247
88
78
79
114
108
39
38
343
77
88
72
101
35
90
103
69
128
72
287
83
117
108
62
33
249
64
31
92
190
157
84
86
104
91
91
35
28
35
81
71
65
86
148
69
70
102
71
92
80
70
39
72
147
87
79
63
74
76
183
45
161
61
38
35
96
80
69
100
71
133
84
95
460
80
108
69
77
63
97
35
104
87
94
133
78
38
74
126
59
125
93
133
96
173
87
91
75
91
95
249
60
84
78
108
92
73
70
71
38
68
91
133
86
70
109
104
73
84
79
79
57
245
159
83
83
83
31
107
106
37
109
88
72
108
72
61
94
94
94
92
57
101
95
70
71
73
81
86
98
132
103
131
54
1974
161
89
74
73
98
94
88
41
102
102
152
34
117
25
89
74
36
51
86
110
167
85
133
36
92
102
92
76
236
123
103
72
83
78
119
80
88
75
67
82
116
78
74
143
36
72
40
26
102
86
8
87
71
133
38
60
88
89
33
37
39
67
73
83
105
107
108
106
104
74
98
135
36
102
93
71
94
112
92
77
98
123
75
109
99
73
79
68
76
88
84
101
29
75
185
78
39
84
80
34
42
88
32
75
91
87
36
157
107
83
72
109
39
80
74
92
85
71
89
94
70
108
69
75
88
84
37
114
108
37
40
Resolver: 185.228.168.9
88
199
90
56
102
147
81
71
83
29
68
134
84
119
106
76
94
92
32
77
121
108
82
101
118
33
135
86
27
28
73
85
68
69
129
107
66
88
28
64
130
30
72
64
50
29
72
83
74
101
187
72
75
253
114
63
70
70
32
111
132
68
91
93
31
87
115
29
85
118
69
335
91
129
40
111
84
92
43
123
72
106
84
66
30
121
64
77
79
65
91
33
64
32
69
71
63
79
76
80
172
140
71
86
91
75
32
54
56
28
93
68
87
91
107
88
66
59
68
68
85
73
85
92
30
88
94
67
84
94
97
100
123
84
81
395
67
82
87
1608
64
89
115
80
210
98
30
110
81
43
70
30
135
98
114
124
123
50
89
116
111
109
82
98
26
123
97
206
93
89
87
28
153
84
96
90
108
30
30
74
108
70
60
94
99
78
168
79
76
74
68
106
86
100
109
89
83
107
30
106
94
27
87
126
31
113
122
71
89
32
90
85
64
80
30
267
65
73
105
3228
85
113
70
96
29
59
66
62
32
84
87
92
92
96
66
139
30
84
68
82
92
52
81
74
64
86
82
62
393
116
73
71
68
56
67
96
30
97
27
325
44
83
70
214
72
141
80
107
118
66
74
30
68
135
89
86
32
33
134
29
38
69
94
31
90
278
71
30
67
80
95
69
129
55
71
79
129
47
31
103
78
87
82
77
81
82
82
85
1625
55
107
99
32
80
82
66
86
89
30
83
46
69
88
64
64
67
72
47
120
90
75
81
33
89
63
90
81
74
28
77
280
112
52
31
32
82
70
81
250
50
68
93
29
107
Resolver: 159.69.198.101
90
82
65
72
90
158
89
103
70
149
72
143
73
103
103
64
115
97
103
101
109
134
78
90
104
105
105
162
111
94
457
87
117
78
141
114
161
109
92
138
131
45
64
121
66
88
109
89
72
149
94
87
174
276
93
43
79
83
121
71
72
95
98
84
114
96
102
119
88
107
102
79
151
70
159
111
100
36
110
99
79
83
96
107
129
112
95
81
75
859
134
99
84
119
107
73
138
76
81
169
140
108
61
105
118
96
75
37
47
98
61
78
99
184
100
70
86
71
83
107
104
44
111
103
95
103
99
110
118
187
87
128
113
44
96
105
74
78
298
104
113
108
95
258
137
117
79
74
46
104
45
112
108
145
113
93
55
112
65
159
119
111
98
119
102
97
94
82
75
94
155
117
100
161
94
85
112
55
115
95
136
106
103
95
65
89
106
74
114
70
136
227
80
98
88
34
119
53
109
92
100
119
48
105
102
81
68
113
95
64
113
90
72
94
148
654
104
94
94
132
33
85
91
105
122
108
93
165
175
55
111
104
156
78
92
75
104
55
108
77
123
157
77
46
98
143
105
104
77
45
120
103
57
90
48
112
62
127
87
157
79
632
75
92
69
59
72
51
92
171
110
102
104
76
131
77
48
100
100
46
77
72
80
32
83
92
105
59
116
95
94
75
74
53
102
127
106
112
72
90
64
430
89
73
82
68
118
91
81
81
70
109
106
63
467
187
77
44
79
93
55
47
94
46
67
104
116
77
73
118
66
74
101
55
94
74
121
92
149
66
102
112
90
85
98
107
72
55
112
111
43
143
Resolver:
