Resolver: 8.8.8.8
13
13
13
16
13
12
13
12
14
18
14
17
21
12
11
12
14
13
16
13
18
12
12
11
13
12
12
14
12
12
17
16
16
16
13
11
14
21
13
13
13
16
12
12
15
13
13
25
16
16
12
12
12
23
17
13
12
11
24
15
34
10
13
17
12
14
16
12
13
16
12
12
13
14
13
13
14
18
13
17
18
18
12
16
12
19
12
16
14
19
12
11
18
12
12
12
11
14
12
14
11
13
15
13
11
16
11
12
11
11
13
14
12
13
15
65
36
15
19
14
14
33
12
13
15
17
16
12
26
20
12
17
16
27
13
14
13
14
22
12
13
15
13
14
12
13
13
11
13
14
16
14
16
12
12
11
11
12
13
15
16
13
15
11
11
12
13
15
21
13
18
12
12
13
17
12
11
14
16
14
13
14
15
11
15
13
13
14
12
13
13
12
13
12
15
13
13
13
13
13
16
13
12
11
15
15
14
19
11
14
12
11
13
15
14
10
16
24
15
14
16
12
14
12
12
12
11
12
13
11
12
13
16
12
11
16
13
12
14
14
13
15
19
15
15
14
12
12
13
11
13
15
12
13
11
14
11
16
19
19
15
16
11
22
13
13
16
13
16
16
15
11
12
23
21
21
14
11
15
14
12
15
11
14
14
14
14
12
12
13
14
12
20
13
12
12
11
15
19
13
13
12
13
13
18
18
14
21
25
14
17
15
11
13
14
14
13
14
19
13
54
13
16
12
12
14
16
12
19
15
19
13
15
13
14
14
12
13
14
12
14
20
31
14
12
13
12
15
13
14
13
11
15
11
24
11
14
12
19
16
15
18
13
15
15
14
11
13
16
70
26
12
15
13
11
12
14
15
14
16
13
14
18
21
12
20
23
14
11
12
14
12
19
13
11
21
13
23
11
12
13
14
11
14
12
11
11
21
12
18
13
13
13
17
12
12
12
14
11
12
13
11
15
12
11
12
12
12
12
14
57
12
12
12
14
12
14
15
11
14
15
13
16
15
12
15
16
12
15
12
12
16
11
15
15
12
12
13
12
14
12
12
13
13
13
19
12
12
12
11
16
19
15
12
13
14
16
18
19
24
14
12
17
13
13
14
12
12
15
15
14
12
13
12
13
13
13
12
12
12
13
19
12
11
11
16
12
12
15
13
12
14
17
12
15
14
12
14
12
19
12
16
11
14
17
12
14
14
13
14
12
12
28
14
14
16
13
11
11
13
15
16
12
12
15
12
11
11
11
12
11
12
16
18
13
16
15
18
23
14
18
13
13
11
12
28
11
14
14
12
17
13
13
14
16
12
13
13
14
11
11
12
12
12
13
13
19
11
16
11
18
13
20
17
36
13
13
11
19
24
35
16
13
13
12
16
16
15
13
14
13
15
12
12
13
16
12
19
12
21
16
12
21
12
13
12
18
13
18
12
13
19
13
13
13
13
15
11
13
12
12
13
14
12
13
14
13
12
12
13
14
12
12
17
13
23
13
13
22
13
14
11
12
12
12
15
19
13
14
13
13
13
11
15
12
11
13
11
15
13
11
12
12
12
26
20
18
15
15
13
12
26
16
17
14
12
12
17
12
12
13
19
11
14
15
18
13
12
12
12
16
12
14
11
16
11
12
12
16
13
12
17
16
12
11
16
18
12
11
11
12
14
16
14
12
15
12
11
12
15
21
14
13
27
13
15
12
13
12
12
15
19
13
12
11
11
12
12
15
17
14
13
12
13
15
15
11
13
13
17
14
22
12
14
11
17
12
15
15
11
11
11
12
19
15
17
12
12
12
14
12
12
12
13
12
12
12
13
14
16
13
12
13
17
14
13
14
13
12
17
14
18
12
19
26
12
13
13
14
12
15
11
14
15
12
14
21
14
11
12
12
13
12
13
11
11
15
17
14
12
19
12
12
12
12
15
14
12
18
16
14
12
17
12
12
15
13
12
14
12
12
17
16
11
12
13
11
13
11
13
11
12
14
12
12
13
21
18
19
14
20
13
13
11
20
16
11
13
11
12
16
13
12
15
12
13
12
12
12
15
11
15
12
16
17
12
11
13
13
20
13
17
12
15
14
11
14
13
12
15
16
11
11
13
12
12
13
19
14
11
14
21
19
11
13
13
12
13
14
19
16
12
12
13
24
13
17
17
15
13
18
12
14
11
16
15
20
17
14
44
21
14
12
14
13
12
13
11
15
13
13
20
14
15
16
21
12
17
12
15
17
17
14
16
19
13
12
11
14
14
12
11
13
12
13
162
65
87
16
16
16
12
13
14
19
13
Resolver: 1.1.1.1
24
15
16
17
23
15
21
17
16
17
14
13
14
13
14
16
17
18
15
18
17
15
14
15
16
15
13
14
12
18
15
13
13
23
16
14
13
20
15
14
16
18
19
19
22
17
20
20
14
17
16
18
15
19
17
14
13
17
13
45
19
14
15
16
14
21
15
17
15
18
13
15
17
18
17
15
15
16
15
17
19
13
16
15
20
14
23
16
15
16
16
13
15
17
16
25
21
19
17
17
14
20
25
14
14
14
18
15
15
17
14
13
19
15
15
21
15
17
13
21
14
13
18
13
16
17
18
20
15
13
17
16
17
15
14
13
14
14
12
19
13
15
15
16
14
13
14
15
13
13
32
17
28
15
19
21
16
18
17
24
14
15
17
17
14
16
26
14
14
19
26
14
17
16
19
17
16
13
15
16
23
23
14
14
21
16
17
13
13
17
13
16
37
14
45
20
15
14
13
18
15
22
32
13
14
13
13
14
16
15
13
16
13
16
18
24
17
13
15
12
16
15
13
14
15
18
17
12
19
13
14
13
14
18
14
17
18
17
15
18
13
136
13
19
20
13
15
15
13
16
13
338
12
16
14
14
18
12
13
14
14
18
17
15
19
21
26
14
23
45
16
16
23
14
14
19
13
20
13
16
12
23
23
55
15
20
13
16
13
17
18
18
14
14
17
21
13
21
14
153
21
21
18
16
21
21
13
15
18
11
15
14
20
22
14
17
16
12
13
17
15
15
23
61
28
28
36
13
14
14
17
14
22
20
16
15
14
17
19
14
15
19
15
15
24
21
15
17
16
13
19
15
20
16
14
17
14
13
13
21
17
13
15
13
13
16
12
14
16
16
16
14
19
13
15
16
14
14
16
13
15
12
17
17
13
15
14
23
13
15
13
14
16
17
12
15
16
31
15
153
17
14
13
16
20
20
13
13
13
13
14
14
16
16
17
16
15
17
17
14
19
13
17
15
14
13
13
13
13
12
17
14
17
14
16
32
17
18
31
37
17
17
209
18
14
22
21
26
45
19
20
22
14
17
19
17
13
21
13
44
15
19
15
13
14
15
16
15
13
14
14
16
19
17
16
19
12
16
13
15
15
14
13
20
16
14
17
16
19
18
16
16
15
17
13
15
15
15
19
12
14
16
18
16
17
14
14
35
14
17
19
152
20
23
54
16
12
16
14
15
17
16
15
13
14
17
17
14
28
34
17
15
19
15
15
14
14
13
19
21
13
13
15
13
15
15
13
17
13
13
13
13
19
17
18
14
15
14
14
14
15
20
13
16
16
14
13
20
13
13
26
18
13
13
16
18
20
15
16
14
16
16
14
15
14
14
13
12
16
16
14
16
15
13
13
23
13
23
15
16
16
16
16
17
14
14
12
12
19
13
16
14
13
13
17
20
17
13
17
21
16
15
14
14
14
13
27
13
13
19
17
15
20
19
15
21
26
13
21
18
16
14
15
19
15
18
13
29
13
15
13
17
20
17
16
16
13
16
14
12
17
17
13
15
13
13
20
17
14
16
15
18
14
23
18
19
17
16
21
17
24
14
15
28
16
26
17
21
14
14
13
13
14
19
13
12
27
16
16
13
22
16
13
15
14
14
25
17
45
18
21
19
25
22
13
14
20
19
19
16
19
20
19
14
16
17
14
12
17
14
16
15
15
15
20
14
20
17
15
14
15
17
102
31
15
14
13
20
17
17
19
18
16
14
20
43
18
18
14
12
17
20
13
17
16
13
21
16
13
14
17
16
13
16
13
20
14
12
14
23
26
14
13
16
15
16
24
13
13
14
14
15
14
13
16
17
16
13
16
18
16
22
160
13
18
20
13
12
14
13
15
13
14
15
12
13
12
19
17
12
14
24
15
15
16
14
14
17
16
15
21
17
18
14
15
17
19
21
14
13
13
14
15
17
14
18
15
20
18
15
15
15
14
14
18
21
13
15
16
18
13
14
14
17
15
13
16
18
14
15
18
18
13
13
13
14
16
14
15
16
14
15
16
14
13
13
13
16
17
13
18
16
21
14
17
13
18
16
18
12
16
22
16
23
14
14
13
38
20
17
20
20
12
19
14
21
17
13
13
15
13
26
13
16
15
14
20
15
16
15
15
16
18
13
19
14
15
18
13
15
15
13
12
13
15
20
12
14
15
22
18
15
16
15
14
17
16
17
20
17
16
14
13
18
17
14
18
13
22
19
13
15
23
14
353
19
20
19
19
21
14
14
15
17
31
14
13
14
15
14
15
159
14
16
15
14
14
169
12
19
16
14
501
13
18
19
Resolver: 9.9.9.9
16
53
20
20
31
20
24
17
37
36
17
190
30
17
16
27
32
17
13
17
12
23
13
20
18
20
12
13
25
17
18
24
26
14
21
20
21
16
46
15
13
23
12
15
19
16
15
21
17
14
14
14
17
14
13
18
17
18
36
23
12
19
14
15
13
17
15
29
11
16
16
20
17
19
18
14
12
26
13
14
15
17
18
18
16
13
13
18
15
16
16
25
38
53
17
13
17
13
21
18
38
17
18
15
12
28
15
15
17
16
18
13
18
28
18
18
98
50
19
17
17
16
16
14
16
23
21
17
15
18
16
43
13
23
12
22
15
20
21
20
29
17
17
15
19
12
22
13
12
14
24
15
15
22
14
14
13
39
55
14
17
17
15
15
17
14
14
16
20
17
22
16
20
14
13
19
42
15
15
13
15
17
22
13
21
16
15
15
14
15
13
16
33
23
14
63
13
17
26
18
17
17
16
13
14
17
13
16
33
19
21
29
23
22
14
15
19
14
17
19
16
21
18
17
18
17
11
19
19
17
13
16
13
24
14
19
15
16
13
17
15
16
16
16
17
15
23
22
19
16
19
927
13
20
17
14
19
30
18
12
22
16
16
17
14
16
18
20
15
20
18
21
19
17
29
37
19
19
18
18
18
13
14
19
17
17
20
20
17
20
28
17
31
16
14
16
19
15
42
21
17
22
20
18
13
14
22
13
28
22
13
18
16
16
23
13
20
38
19
17
18
19
15
19
13
15
14
14
21
19
15
14
16
19
16
20
18
17
13
17
15
14
20
18
16
16
17
14
16
16
29
16
17
16
13
19
16
12
20
24
27
14
14
16
14
14
19
13
12
14
40
20
20
25
19
15
14
13
15
15
19
14
16
11
20
18
23
15
24
21
14
15
13
17
14
16
18
18
15
20
13
18
18
16
18
17
15
17
17
14
18
15
14
14
13
18
21
18
17
25
22
21
16
40
13
14
25
16
15
19
14
24
13
17
25
15
18
22
47
15
13
19
15
25
19
13
15
15
18
17
17
14
20
18
14
30
25
16
33
17
28
17
16
23
22
20
22
15
19
16
13
16
17
25
16
15
19
22
20
17
15
20
15
15
13
16
14
20
16
13
15
17
74
20
18
22
14
13
21
18
26
15
14
18
18
17
16
17
16
36
17
17
50
16
17
16
22
15
16
19
16
13
17
23
15
16
17
16
18
20
14
14
14
19
22
15
19
13
24
26
18
17
19
19
24
18
17
17
19
15
16
15
16
17
22
17
17
26
17
25
15
13
16
14
20
15
47
18
17
18
14
48
13
17
14
15
17
31
25
72
40
20
15
20
18
17
24
17
20
34
17
16
18
19
26
12
15
17
19
17
55
15
24
20
16
14
36
15
15
13
14
21
23
13
15
15
13
12
12
16
15
14
14
16
16
18
14
19
19
189
17
14
21
15
15
13
18
13
22
27
17
15
17
15
18
26
32
22
20
17
14
15
15
27
14
16
16
15
15
17
14
32
24
19
24
21
54
14
12
17
15
20
16
14
16
17
15
16
17
55
13
17
19
24
16
15
17
17
19
16
19
24
15
20
34
19
15
114
21
15
74
57
98
64
245
112
104
150
132
95
76
107
102
42
167
227
288
19
52
67
41
55
52
24
14
44
22
16
16
16
51
97
38
19
445
21
39
98
88
54
49
320
16
15
19
17
84
20
15
16
20
18
15
267
96
361
19
21
19
22
23
18
16
19
49
90
21
16
227
26
29
16
18
17
57
20
20
36
18
23
16
21
23
94
15
20
77
16
558
32
351
37
94
31
21
64
20
14
84
49
17
110
85
107
515
624
791
236
147
69
25
114
24
19
17
19
19
331
21
18
17
25
14
17
12
15
13
28
14
25
19
45
22
20
19
17
43
24
25
19
13
14
18
28
28
20
23
22
20
15
19
17
19
22
18
16
25
21
16
14
15
59
19
17
18
27
15
21
16
16
18
15
15
21
31
20
15
15
31
22
24
14
15
13
24
19
21
20
12
27
18
13
17
23
19
15
17
21
17
18
38
20
31
19
35
18
17
36
16
18
17
20
14
22
17
19
19
15
21
16
15
17
15
19
17
14
16
18
52
27
15
14
38
19
27
20
24
12
10
17
22
17
67
43
16
17
47
33
33
19
41
20
15
14
20
17
12
14
14
20
34
56
17
19
13
15
17
18
18
39
25
104
14
14
21
19
13
21
12
19
19
17
15
14
21
19
119
19
26
13
13
35
18
26
18
19
18
15
15
13
31
52
20
26
15
25
Resolver: 185.228.168.9
21
22
20
27
26
24
22
24
20
23
23
28
23
21
26
23
25
24
22
21
30
23
27
21
29
26
26
22
25
20
26
24
24
26
20
22
24
22
23
25
30
23
24
25
23
20
21
24
22
27
23
22
27
25
21
28
21
23
21
24
26
25
22
22
21
24
22
25
21
22
28
20
24
21
25
22
25
23
25
24
25
24
25
22
52
29
24
21
26
25
22
22
21
23
26
23
34
31
24
38
22
25
24
36
64
24
28
26
22
27
23
26
21
26
28
22
22
25
22
21
21
21
22
25
23
22
23
20
23
31
32
22
21
26
23
20
24
24
26
20
25
20
21
20
21
29
21
26
25
24
22
22
20
22
24
29
34
25
35
23
28
27
27
25
25
22
20
26
36
95
24
26
28
21
26
22
20
21
28
23
24
22
23
23
26
28
25
22
26
27
22
29
28
25
25
30
21
28
20
21
25
26
23
23
22
155
32
35
49
26
24
26
21
23
22
21
28
22
22
20
22
21
22
22
29
23
26
28
25
20
24
27
31
26
69
54
23
24
22
23
30
22
22
22
31
24
24
20
21
21
23
24
24
23
22
22
20
20
25
25
25
22
24
21
21
21
29
28
26
24
20
19
27
30
27
26
24
25
24
21
22
21
23
27
26
23
23
32
21
24
25
24
24
22
24
27
24
23
30
21
24
33
46
23
23
24
22
22
23
21
22
23
25
21
26
20
27
22
25
27
22
25
30
24
20
21
21
21
22
23
26
28
22
29
27
21
20
28
20
23
23
65
24
23
21
55
27
36
23
22
25
26
25
27
21
22
25
26
24
23
25
21
21
20
25
24
22
21
24
21
23
27
32
34
73
39
22
21
33
25
26
23
26
21
26
22
24
23
20
24
23
25
41
24
22
24
20
22
21
23
24
20
21
21
21
21
22
26
24
21
26
22
21
20
22
22
26
21
25
28
22
25
23
26
27
22
25
24
29
24
27
21
20
25
22
24
25
22
27
22
25
24
25
27
22
22
22
23
21
23
23
24
33
23
38
25
26
22
20
23
25
20
22
20
21
23
24
24
29
22
23
21
23
22
32
30
26
24
23
23
19
21
21
24
31
24
21
25
23
32
21
21
23
21
20
22
24
22
21
27
28
24
24
21
23
25
24
23
20
24
24
24
26
23
23
20
22
20
21
22
21
20
29
20
21
23
24
29
32
22
24
25
21
23
23
24
23
21
22
25
24
23
21
25
22
22
26
25
21
24
24
25
22
22
24
20
31
20
20
21
22
20
24
26
25
21
24
20
22
32
27
25
27
20
20
22
23
30
29
22
24
26
21
26
20
21
23
24
20
22
21
21
25
24
21
24
20
25
25
23
19
25
20
26
22
25
22
40
23
23
20
21
29
21
24
23
35
22
23
26
21
36
25
22
20
22
30
21
21
25
25
28
21
26
23
26
26
24
21
25
25
24
24
21
20
25
22
23
21
23
21
23
25
21
22
22
21
24
32
22
27
21
22
28
22
20
21
21
21
22
26
26
25
25
22
22
22
20
21
22
32
22
24
21
21
21
22
20
23
20
25
25
23
22
22
26
22
22
25
21
22
24
22
21
28
28
20
24
23
23
24
22
22
21
22
21
24
114
33
25
48
25
23
25
25
23
22
24
24
20
20
23
23
25
20
24
21
23
21
20
23
23
21
24
23
20
24
21
24
22
21
24
24
24
21
22
20
26
21
21
22
24
22
21
23
21
20
22
24
26
22
23
27
25
24
23
25
23
22
28
21
22
23
23
27
21
25
22
24
21
24
29
21
20
24
22
23
20
26
26
22
25
21
21
22
23
26
23
25
25
25
20
21
22
23
22
22
21
20
22
24
25
24
23
26
22
21
25
21
22
21
24
27
33
23
24
21
24
27
26
23
30
22
25
21
24
29
23
21
26
23
22
21
24
23
27
21
23
25
20
24
21
20
27
24
21
28
24
25
24
21
20
21
25
21
21
25
39
23
26
27
24
27
24
23
20
25
24
21
31
25
22
23
23
28
35
21
32
25
19
25
27
25
21
21
30
23
21
27
20
24
24
22
28
24
23
20
28
22
27
27
25
24
24
27
24
23
34
24
29
31
29
22
25
20
24
22
30
21
21
22
25
24
22
19
27
25
23
22
23
26
24
24
24
25
20
26
25
21
26
25
21
24
29
23
21
30
20
22
26
23
22
21
22
23
26
30
20
23
24
26
38
25
30
21
23
22
23
22
20
23
24
22
25
23
19
25
21
24
23
26
26
22
22
24
28
24
Resolver: 108.61.201.119
289
285
267
278
280
267
273
274
276
293
278
262
285
282
284
272
277
285
289
284
275
273
270
262
289
272
276
278
283
274
285
291
268
284
328
339
274
283
277
276
275
294
273
269
276
285
290
272
276
280
272
278
276
276
303
290
280
286
280
279
283
277
272
274
273
277
271
274
283
287
273
296
295
277
274
270
282
278
272
274
278
282
278
273
283
275
273
271
279
282
273
273
278
282
281
293
290
279
301
285
266
294
290
286
275
269
281
269
284
269
282
270
281
275
269
272
270
273
284
275
265
285
272
287
283
273
282
274
269
280
271
270
277
279
295
281
279
270
283
271
286
283
282
284
283
387
270
284
273
277
279
276
280
274
279
301
277
273
274
285
281
279
282
273
275
273
280
271
270
277
267
276
279
274
280
280
281
284
275
284
271
278
284
288
279
291
278
281
1219
282
286
284
279
277
275
278
276
276
288
272
277
270
286
274
294
272
276
281
272
294
286
270
273
271
282
269
276
281
303
282
271
283
265
289
280
279
277
272
275
296
272
285
278
280
277
279
276
279
269
282
272
270
284
275
274
266
277
821
274
280
271
273
278
266
278
270
277
281
279
285
278
279
281
268
282
269
269
280
269
280
278
438
277
277
276
280
277
281
278
272
269
274
274
288
273
280
278
286
273
279
279
279
271
275
284
292
278
274
270
279
278
278
272
272
284
274
279
274
279
276
275
270
336
278
273
268
272
282
266
277
286
296
271
274
269
277
275
285
282
279
276
285
267
282
273
265
270
280
278
272
276
277
287
284
283
279
282
280
267
274
282
404
275
270
295
282
271
284
270
273
282
294
289
272
274
292
283
294
281
281
283
271
282
285
292
286
273
266
275
284
291
273
276
274
275
280
282
274
276
285
278
278
357
284
286
282
273
272
274
286
269
262
272
270
289
284
282
282
290
270
282
284
276
361
292
276
264
280
280
277
288
282
272
266
273
287
289
279
276
278
289
288
290
271
272
273
265
264
279
295
280
278
273
276
266
270
280
290
269
284
284
372
269
274
276
269
290
288
278
270
285
274
273
267
292
291
287
276
272
295
266
283
291
270
277
279
275
283
285
277
284
287
274
273
276
274
294
271
283
279
273
281
284
277
269
298
281
283
271
270
270
278
270
271
270
276
276
278
265
279
273
289
276
282
273
276
283
289
273
291
279
277
268
277
288
274
287
263
281
291
281
284
274
289
286
280
269
276
282
280
272
273
286
277
283
279
276
271
272
286
290
277
277
280
287
276
264
276
275
276
675
279
273
268
290
1285
274
275
269
279
281
282
279
277
280
284
272
277
273
280
279
287
263
293
277
274
277
284
887
291
284
280
288
291
289
292
272
286
281
285
271
277
293
283
288
282
274
279
276
275
276
270
280
281
279
274
269
275
269
271
281
281
292
292
281
291
277
270
276
272
278
278
287
278
283
270
270
270
272
272
281
273
276
291
283
278
277
271
267
280
276
285
266
272
279
284
274
282
275
270
294
278
282
278
273
290
271
272
274
275
286
264
288
286
279
282
266
279
285
273
286
279
282
279
281
272
275
284
275
274
276
270
278
267
280
277
273
273
279
283
281
277
278
285
277
272
281
272
284
276
287
298
282
280
277
289
293
271
291
268
275
279
284
269
275
270
285
272
272
267
281
290
283
285
287
274
283
284
283
295
276
276
270
269
269
279
277
275
283
274
276
283
281
282
274
270
295
273
279
285
283
279
296
272
275
272
279
283
277
268
288
270
283
266
272
282
273
291
277
278
283
275
274
297
271
282
279
284
274
274
275
277
273
276
279
273
285
276
277
269
267
276
285
280
286
282
280
282
272
277
283
281
281
296
277
281
285
274
269
287
275
282
291
267
284
270
279
276
284
274
276
270
284
278
272
282
279
276
289
281
265
272
273
297
299
280
271
268
269
274
276
267
284
279
274
273
274
286
278
271
270
272
277
296
290
282
272
270
287
269
273
277
280
274
278
279
275
286
290
283
278
286
292
288
270
273
281
273
287
287
283
272
283
268
280
278
270
274
274
292
274
274
275
287
299
274
272
268
278
275
275
266
276
436
270
276
280
273
283
283
269
285
273
295
269
276
270
284
269
273
283
286
279
279
280
268
268
284
279
271
282
279
274
277
272
274
279
275
287
269
291
276
276
280
274
267
282
280
270
273
276
268
281
282
272
273
276
280
290
283
281
264
285
276
279
283
282
269
266
285
285
267
265
266
276
277
269
279
283
277
279
290
273
277
287
Resolver: 159.69.198.101
38
33
37
33
30
37
31
33
32
34
48
31
30
32
33
33
36
34
33
31
31
30
31
30
37
32
32
29
33
35
34
31
33
32
38
34
32
32
30
38
31
36
29
32
33
34
35
39
36
32
31
36
30
30
35
31
33
37
31
33
31
35
35
34
34
31
29
30
33
34
34
31
40
35
39
30
31
34
35
30
32
37
36
36
33
35
34
34
33
33
32
42
32
31
34
35
37
36
52
33
37
31
29
30
30
29
35
31
34
31
34
35
33
30
30
30
31
37
31
30
34
31
31
30
35
36
34
29
30
33
36
36
32
39
32
31
30
32
29
43
31
36
32
32
33
40
33
31
34
33
32
30
32
33
32
31
38
29
31
39
36
40
32
32
30
40
32
32
30
30
31
33
33
33
34
34
32
33
35
32
33
32
34
30
32
32
36
30
30
30
31
39
136
41
34
34
33
34
31
35
34
31
36
38
33
30
33
37
35
30
30
41
34
36
30
36
36
33
30
30
32
31
34
33
35
36
38
30
30
31
40
35
30
33
30
30
35
31
36
34
31
33
35
38
31
38
38
34
33
30
29
424
33
29
31
34
31
33
35
38
29
35
31
32
41
29
30
32
33
31
31
34
31
32
30
33
34
30
30
30
30
32
33
35
35
33
31
33
33
31
32
30
36
32
30
30
32
29
38
34
43
34
30
30
31
31
35
33
31
34
29
31
30
29
43
35
37
35
30
35
34
34
31
35
39
31
35
31
46
31
33
32
37
35
35
35
29
32
31
30
41
36
33
32
36
31
37
30
34
32
37
33
32
30
35
33
29
38
33
37
31
32
32
33
32
32
33
35
33
30
29
33
36
31
32
30
34
30
32
35
34
30
33
35
32
29
31
34
33
33
31
33
32
34
36
32
35
35
30
33
29
36
58
29
31
31
35
35
34
34
33
30
32
35
33
34
38
33
35
29
29
33
42
33
31
34
30
33
35
34
37
44
32
32
32
30
30
32
37
35
30
30
33
34
30
31
36
31
32
35
33
33
34
35
35
32
52
35
30
30
36
33
30
30
35
30
33
32
31
42
33
35
36
30
34
39
33
31
99
37
29
30
35
31
30
29
35
37
37
37
39
30
35
31
30
30
32
44
33
30
36
33
29
32
33
34
30
31
30
35
33
33
33
33
35
30
29
31
33
30
37
31
35
35
29
31
30
31
32
30
32
29
29
32
36
31
30
32
35
34
32
31
31
32
31
32
32
30
35
34
31
32
30
33
34
31
30
36
41
30
42
31
46
31
30
33
33
37
38
31
101
35
30
34
39
35
39
31
32
33
33
33
32
29
34
32
30
39
30
32
30
36
33
32
75
30
33
30
29
33
35
32
31
29
31
30
31
34
32
33
31
31
33
31
40
33
35
38
33
31
31
33
30
33
50
30
33
35
33
30
31
34
34
43
30
35
39
32
51
35
36
75
34
33
34
31
31
43
32
33
33
32
31
30
36
35
33
32
32
34
34
33
31
35
32
30
30
35
35
34
32
32
31
38
30
34
32
30
32
40
33
32
33
33
33
33
30
33
40
34
30
34
29
31
34
34
34
37
43
31
33
30
32
30
31
34
31
41
30
47
35
40
32
34
31
40
38
37
34
56
31
30
33
35
35
30
37
32
32
32
34
32
31
34
34
33
40
33
32
31
40
31
37
32
31
34
33
32
29
30
30
32
32
31
34
33
32
35
32
34
30
35
32
29
31
31
31
35
31
31
31
31
40
31
32
33
32
34
37
30
38
33
30
29
31
32
31
32
32
30
34
33
29
30
37
35
33
37
29
30
34
39
41
29
30
31
34
31
31
31
35
64
31
35
30
30
33
30
33
35
36
34
33
34
30
35
36
35
34
36
36
31
39
34
31
36
33
36
31
29
36
33
37
31
34
30
33
30
29
33
29
46
34
36
38
31
36
32
32
31
32
30
33
30
31
36
35
34
29
70
37
33
37
33
35
29
36
30
34
32
30
30
36
33
32
35
32
69
29
30
34
34
40
32
36
34
43
33
30
32
30
35
32
35
29
31
37
31
34
37
31
31
32
41
31
32
34
30
36
30
32
34
29
34
33
30
32
34
41
42
36
31
30
31
32
31
31
30
34
39
34
33
34
32
31
38
31
35
35
27
36
37
36
31
60
32
41
35
35
30
36
32
40
30
35
38
30
29
33
39
37
32
34
33
33
30
33
30
31
30
34
34
34
39
35
31
39
42
34
43
33
30
33
33
29
34
33
34
32
33
31
32
Resolver:
