Resolver: 8.8.8.8
3
3
3
7
3
3
3
4
5
3
3
6
3
3
4
5
3
3
5
3
3
4
7
3
4
3
3
3
3
3
3
3
3
3
7
3
3
3
3
19
4
7
3
3
4
4
7
3
3
3
3
5
7
7
3
7
3
8
3
7
3
3
7
3
4
3
3
4
3
5
3
3
4
4
3
6
3
5
3
3
7
3
7
7
3
3
3
3
3
3
3
3
3
3
3
3
3
3
3
3
3
3
4
4
3
3
3
3
3
3
3
5
3
4
3
3
3
4
4
3
3
3
3
3
3
5
4
3
3
3
3
3
3
3
7
4
3
7
3
4
3
3
3
4
7
5
3
3
3
3
3
3
3
7
3
3
3
6
7
3
3
3
3
3
3
3
7
3
3
7
3
4
3
3
4
3
6
4
3
3
3
3
3
3
7
3
3
3
3
3
6
3
6
4
3
4
4
3
4
19
6
3
3
3
3
3
3
3
3
3
4
3
3
3
3
4
3
3
3
5
3
6
4
4
3
3
5
7
3
7
6
3
3
3
7
3
3
10
3
5
3
3
3
3
3
3
7
4
3
6
3
3
34
3
3
5
3
4
3
3
3
3
7
4
4
3
4
3
3
3
3
3
3
4
7
5
3
3
3
3
3
4
3
7
5
4
9
3
3
3
3
3
3
7
3
3
3
3
3
4
5
4
3
4
3
3
3
3
5
4
4
3
4
3
3
3
4
5
3
3
3
3
3
9
5
3
4
4
3
3
4
3
3
6
3
3
3
3
3
3
3
3
3
7
4
5
3
3
3
7
3
3
3
3
7
3
3
7
3
4
6
3
3
3
3
3
3
3
3
3
3
3
3
3
3
3
4
5
3
7
5
4
7
4
3
3
9
4
3
7
3
4
3
3
3
7
4
4
7
7
6
3
3
3
7
3
4
8
4
3
3
3
3
3
3
7
3
3
3
3
3
5
5
7
3
3
3
3
4
4
3
5
3
4
4
3
3
7
4
3
3
3
3
3
4
4
4
3
4
3
3
6
3
3
3
7
4
5
3
3
3
7
3
5
7
3
3
3
3
3
3
7
3
3
3
6
7
3
3
3
3
3
3
3
5
3
5
3
3
3
3
3
4
6
3
3
3
3
3
4
3
4
3
4
3
3
6
3
3
3
7
3
3
4
4
3
4
3
3
3
7
3
7
4
8
3
7
5
7
4
3
3
3
3
4
7
5
4
3
3
3
4
4
4
3
4
3
7
4
3
3
4
3
4
3
4
3
5
3
3
3
4
3
3
3
6
7
3
3
3
5
7
3
5
3
3
5
6
3
3
7
3
3
5
4
3
4
3
3
7
3
3
3
3
3
7
4
7
3
3
4
7
7
3
3
3
3
3
3
7
6
3
4
4
3
3
7
7
3
4
3
3
7
3
3
3
3
3
3
3
3
4
4
3
3
3
7
3
3
7
3
6
3
3
4
3
4
3
3
3
3
3
3
4
3
7
7
3
3
3
3
3
3
3
4
3
4
7
3
4
7
3
4
3
3
3
3
3
3
7
4
4
3
3
3
4
3
3
3
3
4
3
3
3
4
4
4
3
3
3
3
3
4
5
3
3
7
3
4
3
3
3
4
3
4
3
3
4
5
3
3
5
6
3
3
3
3
7
3
8
3
6
3
3
3
4
3
3
5
3
4
3
3
3
33
3
7
3
20
24
43
3
4
7
5
3
7
3
4
3
3
3
7
9
3
3
3
3
3
3
3
6
7
3
3
4
19
3
3
3
3
4
3
3
7
6
7
3
7
3
22
5
3
3
4
3
3
3
3
7
5
7
6
3
3
3
3
4
3
3
3
5
3
3
3
6
5
3
6
3
3
3
3
3
4
4
22
3
3
3
7
3
3
3
4
3
3
7
3
7
3
4
3
3
3
3
3
4
3
8
3
3
3
3
7
3
3
3
7
4
3
3
3
3
7
7
4
3
7
3
7
7
7
3
3
3
3
4
3
3
5
5
3
3
7
4
3
3
3
7
3
4
3
3
3
7
7
7
3
3
3
6
3
3
3
3
3
3
3
3
3
3
3
3
6
3
7
3
3
3
3
3
7
3
7
3
12
3
3
3
3
3
7
3
7
3
3
3
5
7
3
3
3
5
3
3
8
7
5
3
3
6
3
3
4
3
5
3
8
5
3
3
3
3
3
4
3
3
3
3
3
3
5
7
3
5
4
4
3
3
4
3
3
7
3
5
10
4
4
5
4
4
3
7
3
3
5
3
8
3
7
5
3
3
4
3
3
3
5
Resolver: 1.1.1.1
418
4
4
4
3
3
3
5
3
5
3
5
4
3
4
4
3
6
3
4
4
3
4
4
4
4
4
4
4
3
4
4
3
4
4
4
4
3
4
269
4
4
5
4
4
3
3
3
4
4
4
3
3
4
4
4
4
4
4
3
4
3
3
5
4
4
11
4
4
5
4
4
4
4
4
3
4
5
4
4
4
4
4
3
7
3
3
4
6
4
4
4
11
3
5
4
3
4
3
4
4
4
4
4
3
5
8
3
5
4
4
4
4
6
3
5
4
3
6
30
4
6
3
4
4
3
4
4
3
4
5
4
4
3
3
4
3
4
13
4
3
4
3
5
3
4
3
3
5
4
4
3
6
4
6
4
4
4
3
5
4
4
4
4
3
4
5
5
4
4
4
4
4
3
4
3
4
4
4
4
4
3
3
4
5
4
4
21
29
4
4
3
4
4
4
4
4
4
5
6
5
4
4
4
3
3
4
4
3
4
4
3
4
5
3
296
4
4
6
4
4
4
4
4
5
4
4
4
3
4
7
3
3
4
4
5
3
3
6
4
4
4
4
4
3
3
4
4
4
9
3
4
13
4
3
4
4
4
4
4
4
5
4
4
4
3
4
5
4
4
4
6
6
3
4
5
4
4
4
4
4
4
4
4
3
3
4
4
22
4
5
3
4
4
4
4
4
3
4
4
4
4
3
4
4
4
4
3
4
5
4
4
4
4
4
4
6
4
4
4
4
4
4
11
27
36
37
4
4
4
4
4
4
3
4
4
4
4
4
4
4
4
4
5
4
3
4
3
3
4
4
4
3
4
4
3
4
5
4
4
3
4
7
4
7
4
4
5
19
4
3
6
4
3
4
5
6
4
4
5
4
6
3
4
4
4
3
4
4
4
4
5
4
4
4
4
4
3
4
5
4
5
4
5
4
4
3
5
4
4
4
4
4
3
4
4
5
3
242
4
4
4
4
4
4
4
4
4
4
4
5
5
4
4
11
4
4
4
6
4
4
4
3
4
3
3
4
4
4
3
5
4
5
4
4
4
4
4
4
6
4
4
4
4
4
4
4
4
4
4
4
5
4
3
4
4
5
3
3
25
3
3
4
4
4
3
4
4
4
4
4
4
193
6
6
4
5
4
4
3
4
5
4
3
3
4
4
4
3
4
4
3
4
4
4
4
4
4
4
3
4
3
3
6
4
4
4
3
3
3
4
24
3
4
4
3
4
4
3
4
4
4
3
6
4
197
4
6
4
13
5
5
4
4
3
6
4
4
4
4
4
4
4
4
6
4
4
3
3
7
4
4
4
6
18
4
4
4
4
4
3
4
3
4
26
4
3
171
4
6
3
5
4
4
3
4
5
3
4
4
3
4
3
4
3
3
4
4
3
4
4
5
6
4
4
4
4
21
4
4
4
4
4
4
42
4
7
3
3
4
4
4
4
4
4
4
4
5
4
3
4
3
4
4
4
4
4
4
4
5
4
4
4
9
4
4
32
5
4
4
4
4
4
3
4
3
3
4
7
4
3
4
4
4
3
4
4
5
4
3
4
4
4
4
3
4
4
3
6
4
5
4
3
5
6
4
4
4
4
4
5
4
4
4
4
4
4
4
4
6
4
4
4
4
4
4
4
4
7
4
4
4
3
4
4
6
5
4
4
19
4
5
3
4
4
4
4
3
4
5
4
4
3
8
9
9
4
5
6
4
6
4
4
4
5
4
4
3
4
3
11
4
6
4
4
4
4
9
4
4
4
3
6
4
4
4
3
4
3
4
4
4
4
7
4
4
5
3
20
4
3
4
4
4
4
6
4
4
4
4
4
6
38
4
4
4
4
5
3
4
4
4
4
3
4
4
3
6
4
3
3
4
5
4
4
4
6
4
4
4
5
4
4
3
4
3
23
4
3
4
4
3
4
4
6
3
4
3
4
4
5
4
4
4
4
4
4
3
4
5
3
4
4
4
4
4
4
4
4
3
4
4
4
4
3
5
4
4
4
4
4
4
4
4
4
4
4
3
3
4
4
3
5
3
3
4
4
4
4
3
4
4
3
3
4
4
4
4
3
4
4
4
4
4
4
4
239
4
4
4
4
5
4
4
4
4
33
4
4
4
208
4
4
3
4
4
4
4
22
4
4
4
3
3
4
4
4
29
4
4
4
229
5
4
4
4
3
4
4
4
4
4
4
3
4
3
4
4
5
4
4
4
11
5
5
4
4
4
5
5
4
4
3
4
4
3
21
4
6
4
4
4
4
10
4
5
4
5
4
6
4
7
4
6
4
4
4
3
4
Resolver:
