Resolver: 8.8.8.8
3
3
3
3
5
3
4
5
3
3
7
3
3
4
7
5
3
3
3
3
3
3
4
3
3
5
3
3
3
3
6
3
3
3
3
3
3
3
3
3
3
4
3
3
3
3
3
9
7
21
3
4
3
3
3
6
3
4
3
3
3
3
4
7
3
3
7
3
3
5
3
3
4
7
5
9
7
3
3
8
3
3
3
3
3
3
3
6
3
3
5
3
3
4
8
44
3
8
3
5
3
3
3
3
3
3
3
3
3
4
5
3
3
24
12
23
21
5
7
25
19
4
7
3
3
3
3
3
3
4
4
3
3
7
3
3
5
3
4
3
3
6
3
3
3
4
9
4
3
3
8
3
3
3
3
3
5
3
3
3
5
8
7
3
5
3
3
7
3
3
3
3
3
3
8
3
4
5
3
4
3
3
5
3
7
5
4
4
8
7
4
6
3
3
4
5
6
4
4
5
7
3
5
3
3
3
6
3
3
3
6
3
7
3
3
3
3
3
3
7
5
3
3
5
7
3
3
7
3
7
6
3
7
3
3
11
7
3
3
7
3
8
3
3
7
3
3
3
7
3
3
5
3
3
3
3
6
3
3
3
3
7
3
3
3
3
3
3
3
3
3
3
7
3
3
3
25
7
3
3
3
3
3
3
3
3
3
3
3
3
7
3
3
3
3
3
3
3
3
3
3
3
3
3
3
3
3
3
4
3
3
3
6
3
3
3
3
3
3
3
3
7
4
4
6
3
3
3
3
5
7
3
3
3
3
3
3
3
3
7
7
3
3
3
3
3
3
3
3
3
3
3
3
3
7
3
4
4
3
3
3
4
3
3
7
4
5
3
3
3
3
3
3
7
3
3
3
6
3
3
3
3
3
3
4
3
3
4
6
7
4
10
3
3
3
3
3
3
3
3
3
3
4
8
7
7
4
5
3
6
6
3
8
6
3
6
6
3
3
5
3
3
3
3
4
3
3
3
3
3
3
3
3
7
3
3
3
3
7
3
3
3
3
7
7
4
3
7
5
3
3
3
3
3
5
3
3
3
3
7
3
3
3
3
3
3
3
8
3
3
3
3
3
3
3
3
3
3
3
3
3
3
3
7
3
3
3
3
3
3
3
3
3
3
7
4
3
3
3
3
3
4
3
3
26
3
3
7
3
3
4
3
3
3
3
3
5
7
3
3
5
3
3
5
3
3
5
3
7
3
3
5
6
3
3
7
4
3
3
3
4
3
3
5
5
3
5
7
3
5
7
3
5
5
3
3
3
3
5
3
3
3
7
7
3
5
3
5
3
3
3
3
3
4
3
7
3
3
3
3
3
3
7
7
3
7
3
3
7
5
24
3
3
3
7
3
3
7
3
3
7
5
3
5
3
4
13
3
3
3
3
3
3
5
3
7
3
3
24
4
3
5
5
7
6
3
3
7
3
5
4
3
7
5
3
3
3
3
4
51
3
3
3
4
3
3
6
3
3
3
3
7
3
3
3
3
3
3
3
3
3
3
3
4
3
3
7
3
5
3
3
3
3
3
3
3
3
3
3
96
3
3
3
5
4
3
7
3
3
3
3
3
3
3
3
3
7
7
3
3
5
5
3
7
3
7
3
3
3
3
3
3
3
12
3
3
3
4
5
3
3
3
3
3
3
3
4
5
8
3
3
3
3
3
3
3
3
5
3
7
3
3
5
3
7
3
3
3
3
3
6
7
8
3
3
4
3
3
4
3
3
5
4
3
4
6
3
3
3
3
3
3
4
3
3
3
3
3
7
7
3
3
3
3
3
3
5
7
4
3
3
3
3
3
4
5
5
3
7
7
3
3
3
4
3
3
3
3
3
3
3
5
3
3
3
3
3
3
3
7
3
3
3
3
4
3
3
7
3
7
3
3
6
3
3
5
5
3
3
3
3
3
7
7
4
3
3
3
3
3
3
3
7
3
3
4
3
7
3
3
3
4
3
6
3
6
3
3
3
5
6
3
7
3
3
4
3
3
3
3
3
3
4
3
3
3
4
4
7
3
3
3
4
3
3
7
3
3
3
5
3
3
3
3
3
3
5
3
4
3
4
3
7
3
4
3
5
3
5
3
3
3
3
3
3
4
4
43
3
3
7
4
3
3
3
3
3
3
3
3
5
3
3
3
3
3
3
3
3
3
3
3
7
6
3
7
3
3
3
7
3
28
4
3
3
3
3
7
4
3
3
3
3
6
6
3
4
7
3
5
4
3
24
3
3
3
3
4
3
3
3
3
3
4
5
3
6
3
7
3
3
3
4
54
3
3
3
4
3
3
3
3
3
Resolver: 1.1.1.1
5
3
3
5
6
4
4
5
3
3
4
3
4
4
3
3
4
3
4
4
4
3
6
4
4
4
4
4
3
3
3
4
4
4
3
4
4
4
3
4
3
3
3
4
5
4
4
5
3
4
4
4
4
4
4
3
4
4
4
4
4
4
4
4
4
4
6
4
4
4
3
4
4
16
4
3
10
4
3
4
235
4
4
14
4
7
3
3
4
3
3
208
4
4
4
4
4
4
4
3
5
4
4
4
4
5
4
3
4
8
4
6
5
19
6
6
4
4
4
6
4
4
5
3
3
4
4
4
7
4
4
4
4
12
4
4
4
4
6
4
4
3
4
4
5
4
4
3
4
4
4
4
3
4
3
4
4
4
4
4
4
5
4
3
6
5
3
3
4
4
4
3
4
4
6
4
85
6
4
4
3
4
5
4
5
6
4
4
4
4
4
3
4
3
11
4
4
4
4
4
6
4
4
10
4
3
5
6
4
4
5
4
3
4
3
4
4
4
4
4
4
3
3
3
3
3
4
3
9
12
3
3
4
6
4
4
4
4
4
4
4
4
7
4
4
4
4
4
4
4
3
4
4
4
3
6
4
4
3
3
4
3
5
4
6
3
4
4
4
3
4
4
4
5
3
3
68
4
4
4
4
4
4
4
6
4
4
4
3
4
6
5
4
11
4
4
4
4
5
5
4
3
4
4
6
4
6
4
4
5
4
5
4
4
4
4
4
4
20
4
4
4
4
3
3
4
5
4
6
4
4
5
4
6
3
4
3
3
3
3
4
3
4
4
4
4
3
4
3
4
4
4
3
4
4
4
4
4
4
4
4
4
4
6
6
4
5
4
8
4
4
5
6
4
4
4
4
3
4
4
4
4
3
4
3
3
3
5
4
4
7
3
5
24
20
4
4
3
3
4
3
3
7
4
3
4
5
4
4
4
4
4
3
4
45
22
3
4
4
4
4
4
4
3
4
5
3
3
5
3
3
3
3
3
4
5
4
4
3
3
3
4
4
3
4
4
7
3
4
4
4
4
4
9
4
4
4
19
4
4
4
4
4
3
3
224
4
4
4
4
4
4
4
4
4
4
4
4
12
4
6
4
7
4
5
4
4
4
4
6
20
19
25
22
37
26
21
3
3
5
3
3
3
3
67
3
3
3
208
4
3
7
7
3
4
3
3
5
4
4
4
3
4
4
4
4
6
8
9
3
3
4
5
4
4
3
4
12
4
4
4
4
4
4
9
3
3
4
4
5
3
6
5
4
4
3
4
4
4
3
3
4
3
5
4
4
3
4
11
4
4
4
5
3
4
4
5
4
5
10
4
4
8
5
4
4
3
3
3
4
276
4
4
4
4
3
4
4
4
4
3
4
5
6
4
11
3
4
4
4
6
4
4
3
4
3
4
4
11
3
4
3
4
61
4
5
3
4
4
4
4
4
3
5
4
4
4
3
4
3
4
4
4
3
4
4
7
4
4
4
6
3
3
3
3
4
4
4
4
4
4
6
4
4
4
4
4
4
4
4
5
4
4
3
5
5
4
4
4
92
4
4
4
4
5
4
4
4
4
4
3
4
3
4
5
3
4
4
3
4
4
3
3
3
10
4
4
3
4
4
3
4
3
4
23
4
5
4
5
4
4
3
4
3
4
7
4
3
9
4
4
4
4
4
4
4
3
4
4
4
4
4
3
4
4
4
4
4
3
4
3
4
4
4
3
4
3
3
3
4
4
4
4
4
3
4
4
4
4
4
3
5
3
293
4
3
4
4
5
4
4
343
7
4
4
4
4
4
3
5
7
4
4
7
3
5
355
6
4
4
5
4
5
6
5
4
4
3
3
5
4
4
4
4
4
3
4
5
5
3
4
4
22
4
5
4
3
4
4
4
5
4
3
5
5
3
4
3
3
4
3
3
4
4
3
203
4
4
4
4
4
4
4
4
4
4
6
4
3
4
3
4
4
4
4
3
4
6
4
4
4
4
4
4
4
4
4
4
4
4
3
4
4
5
9
5
5
4
4
3
4
4
3
4
4
4
3
4
4
3
4
3
3
5
5
3
4
4
3
4
4
7
3
4
5
4
5
4
3
3
3
3
4
3
4
3
3
74
4
5
3
3
5
5
4
4
3
3
3
3
3
7
4
4
4
4
4
4
4
4
4
4
5
4
4
69
4
4
3
4
3
10
3
6
4
5
3
4
6
4
4
4
4
3
4
4
4
4
223
16
3
4
3
3
3
3
7
4
3
3
4
4
3
3
67
109
4
6
5
7
3
4
123
4
4
8
119
4
4
3
122
4
4
Resolver:
