Resolver: Google https://dns.google.com/experimental
<<<<<<< HEAD
4.96
5.12
5.08
5.78
4.73
4.79
4.28
4.96
5.28
4.57
5.49
5.08
4.67
5.19
4.94
5.02
5.37
4.54
4.44
4.58
4.43
4.78
4.78
4.91
4.54
4.39
4.92
4.74
5.26
4.32
5.01
4.55
4.50
4.54
4.46
4.62
4.20
4.24
5.04
4.86
5.12
4.75
5.29
5.08
4.82
4.75
4.88
5.14
4.75
5.64
4.88
4.84
5.11
5.08
4.85
4.56
4.32
4.87
4.92
4.94
4.78
5.18
5.23
4.98
4.99
4.78
4.74
4.94
4.76
4.94
4.76
5.03
4.78
5.65
5.13
4.84
4.75
4.84
4.42
4.47
5.11
4.64
4.60
4.46
5.25
5.16
4.52
4.70
4.26
4.53
4.63
4.59
5.12
4.54
4.84
5.20
4.44
5.31
4.84
4.92
4.54
8.56
4.62
4.69
4.72
4.93
4.56
4.69
4.66
4.31
5.65
4.75
4.84
5.19
11.16
4.92
5.15
5.14
4.69
4.87
4.80
4.43
4.54
4.67
5.13
4.41
4.55
4.91
5.08
4.61
4.30
5.31
5.16
4.51
5.04
5.26
5.05
5.32
5.23
7.25
4.76
5.58
4.72
4.30
4.72
4.31
4.56
4.84
5.16
4.50
5.51
5.04
5.02
4.99
4.95
5.08
4.62
5.47
5.09
4.64
4.59
4.34
5.14
5.16
5.29
5.16
4.89
4.99
4.99
4.86
4.33
4.92
4.34
4.68
4.44
6.04
4.85
5.15
5.31
4.70
4.47
5.10
5.34
4.45
4.78
5.10
5.24
4.92
5.12
5.10
4.62
4.88
4.66
4.74
4.56
4.81
4.76
4.75
4.78
4.77
4.30
4.95
4.68
4.96
4.97
4.83
4.61
4.53
4.77
5.11
5.71
5.50
4.75
4.85
5.08
5.54
4.88
4.56
5.16
4.56
4.90
5.14
4.26
4.21
4.56
5.45
5.29
4.89
5.33
5.18
5.09
4.84
5.67
4.86
4.83
4.61
4.66
4.82
4.58
4.94
4.81
4.73
4.32
4.91
4.72
5.01
4.69
5.02
4.76
4.46
4.72
4.40
5.23
4.95
4.66
4.35
5.04
4.94
4.95
4.53
4.44
4.72
4.43
4.55
4.65
4.88
4.80
4.66
4.61
4.87
5.11
4.58
5.27
4.67
5.06
5.59
4.70
4.90
4.65
4.79
4.51
4.60
4.69
4.78
4.86
4.59
4.81
5.27
4.96
5.19
4.71
4.77
4.81
4.53
5.36
5.12
4.93
4.39
4.69
4.33
4.78
5.43
4.76
4.93
4.69
5.01
5.43
23.93
5.34
5.39
4.89
4.43
4.58
4.73
4.74
5.06
4.87
4.38
4.38
4.55
4.71
4.35
4.52
4.78
4.48
4.93
5.05
5.00
4.83
5.11
4.86
5.15
5.26
4.89
4.73
4.41
4.73
4.89
4.73
4.96
5.74
4.70
4.50
5.31
4.49
5.35
4.56
4.92
4.76
4.86
4.94
4.47
4.60
4.79
5.06
4.86
4.90
5.02
4.70
4.73
4.81
4.78
4.83
4.70
4.46
4.76
4.59
4.78
4.60
5.88
4.83
5.65
5.08
4.88
4.67
4.85
4.64
4.85
4.66
5.14
4.51
4.65
4.87
4.26
5.43
5.01
4.91
4.96
4.81
4.74
5.19
4.80
4.89
5.18
4.95
5.11
4.73
4.91
4.44
4.55
4.40
4.60
4.46
4.90
4.28
4.67
5.33
4.44
5.20
5.15
5.34
5.12
4.89
4.55
4.58
4.67
4.90
4.72
5.13
4.95
4.97
4.62
4.42
4.59
4.56
4.69
5.85
5.38
5.15
4.69
5.06
4.98
5.02
5.09
4.71
4.52
4.80
4.79
5.04
4.43
4.66
4.53
4.99
4.59
4.92
4.82
5.33
4.85
5.23
4.99
5.03
5.04
4.96
5.63
4.79
4.72
5.14
5.44
5.14
4.88
4.73
4.59
4.92
4.90
5.31
5.14
5.20
5.32
5.55
5.21
4.69
4.48
5.01
4.75
4.82
4.33
4.82
4.12
4.51
4.84
4.96
5.10
4.53
5.14
4.85
4.69
4.47
4.79
4.60
4.97
5.11
4.94
4.50
5.26
4.76
4.61
4.85
5.30
4.62
4.65
4.99
4.90
4.84
4.90
4.57
5.54
4.40
4.69
4.90
5.33
4.78
4.64
4.68
5.17
4.93
5.38
4.63
4.96
5.11
4.51
5.09
5.05
4.85
6.16
6.84
5.12
5.43
4.73
5.08
4.80
5.13
5.05
4.56
4.87
4.68
4.79
4.83
4.73
4.75
4.86
5.12
5.24
4.77
5.03
5.31
5.12
5.43
5.78
4.99
5.07
4.45
5.30
5.07
5.27
4.86
4.75
4.85
4.93
4.67
4.84
4.50
5.15
4.85
5.14
5.03
4.91
5.31
5.10
5.13
5.00
5.22
5.22
5.25
4.23
4.99
4.43
4.54
5.12
5.12
5.05
4.64
4.64
4.38
4.46
5.34
4.74
4.97
4.50
4.66
5.14
4.99
5.31
5.01
5.03
4.72
4.92
4.97
5.20
5.03
5.13
5.13
5.01
4.54
4.96
4.71
4.74
4.99
4.85
4.57
4.36
5.23
4.70
4.82
4.71
4.87
4.92
5.17
4.65
4.47
5.00
5.20
4.88
4.53
4.99
4.85
5.10
4.69
5.00
4.56
5.18
5.15
4.34
4.95
4.86
4.37
4.58
5.04
5.06
4.92
4.96
4.86
4.94
5.08
5.25
4.68
4.57
4.76
5.05
4.90
4.77
4.93
5.00
4.70
5.41
4.95
4.63
4.52
5.22
4.78
5.06
5.68
4.87
4.79
5.10
5.03
5.33
5.27
4.62
4.74
4.82
4.86
4.96
4.74
4.68
4.84
4.48
4.72
4.50
4.63
5.20
5.15
4.72
4.56
4.93
4.50
5.09
5.32
5.62
4.67
4.93
5.64
5.57
5.04
5.46
5.12
5.26
4.75
5.10
5.29
5.14
5.15
4.92
4.51
5.07
5.11
4.98
4.66
5.30
4.64
4.63
5.28
4.92
4.69
4.52
4.46
4.39
4.82
4.53
4.78
5.09
5.73
5.41
4.85
5.06
4.41
4.97
5.13
4.49
4.79
5.15
4.71
4.94
4.64
5.05
4.96
5.36
4.74
5.06
4.88
4.70
4.91
4.86
5.03
5.02
4.90
4.53
4.79
5.09
5.27
5.30
4.68
4.76
4.87
4.76
4.63
4.88
5.63
5.54
4.87
5.07
4.97
5.18
4.62
5.37
4.77
4.76
4.78
4.90
4.71
4.76
5.36
5.11
5.06
5.01
4.94
4.42
4.25
5.11
4.99
5.31
5.04
5.42
4.88
4.84
4.96
4.77
4.84
5.07
4.76
4.83
4.52
5.27
4.75
4.62
4.50
4.78
4.72
4.58
5.06
5.14
4.59
4.57
4.56
5.34
4.93
5.25
5.02
5.92
4.56
5.30
5.17
5.58
4.99
4.67
4.60
4.36
4.67
4.63
4.72
4.77
5.03
5.35
4.94
5.30
5.12
5.78
5.09
4.91
5.26
4.87
5.06
4.67
5.29
5.19
5.00
4.78
5.00
6.86
4.95
4.92
4.74
4.42
4.14
4.97
4.43
4.65
5.00
4.82
4.85
4.40
4.85
4.39
4.93
4.78
4.89
4.76
5.03
4.78
4.66
4.78
4.73
5.27
4.64
5.35
4.73
4.97
4.79
5.01
4.39
5.19
4.71
4.55
4.72
5.10
4.49
4.57
4.83
5.55
5.50
5.30
4.65
4.76
5.01
4.93
4.95
5.25
4.62
5.50
4.66
5.28
5.20
5.14
4.27
4.68
4.92
4.75
4.79
4.47
4.55
4.75
4.67
5.05
4.65
5.36
5.04
5.02
4.94
4.71
5.15
5.01
5.02
5.32
4.50
4.42
4.61
4.34
4.38
4.81
4.86
4.89
4.43
4.30
4.85
4.99
4.48
4.92
4.46
4.79
4.30
4.70
4.65
4.86
4.43
4.95
5.60
4.92
4.65
4.90
4.68
4.38
4.89
4.45
4.84
4.54
4.45
4.57
5.09
4.53
4.82
5.09
5.02
4.43
5.02
5.00
5.10
5.17
4.96
5.01
4.73
5.07
5.25
5.53
4.79
4.86
4.47
4.30
4.56
4.35
4.46
4.44
4.83
4.72
4.88
5.12
Resolver: Cloudflare https://cloudflare-dns.com/dns-query
7.28
6.39
6.02
6.37
5.74
5.59
5.55
5.38
5.69
5.56
5.81
5.85
5.76
5.50
5.94
5.55
5.48
5.42
5.94
5.94
5.51
5.55
5.60
5.54
5.94
6.05
5.53
6.06
5.93
6.22
5.73
5.98
6.58
6.17
6.72
5.41
5.71
5.37
5.93
5.98
5.95
5.83
6.00
5.46
5.83
5.45
5.77
5.89
5.77
5.59
5.97
5.35
6.41
5.52
6.39
5.52
5.39
5.54
5.76
5.41
5.77
6.28
5.83
5.73
5.48
5.82
6.41
6.23
5.52
5.71
6.18
5.59
5.85
6.61
6.09
5.75
5.82
5.76
5.44
5.83
5.69
6.03
5.86
5.71
6.19
5.39
5.96
5.74
5.55
5.93
5.69
5.46
5.78
5.46
6.39
6.53
6.21
6.25
5.72
5.60
6.08
5.69
6.10
5.48
5.55
5.69
5.63
5.45
5.40
5.39
5.68
5.30
5.73
5.72
5.30
5.58
5.57
5.95
5.99
5.85
5.64
5.85
5.60
5.56
5.80
5.65
5.77
6.15
6.01
5.61
5.62
5.56
5.84
5.46
5.70
5.62
5.70
5.38
5.50
5.61
5.73
5.51
6.07
6.03
5.78
5.98
5.88
5.62
7.65
6.17
6.19
6.18
5.91
5.82
5.47
5.74
5.83
5.51
6.11
5.85
6.17
5.51
5.84
5.70
5.96
5.53
5.83
5.64
5.58
5.61
5.50
5.94
6.11
5.81
5.97
5.50
5.53
6.13
6.36
6.17
5.91
5.73
6.13
5.56
6.13
5.43
5.69
5.83
5.69
5.57
5.88
5.73
5.61
5.50
7.02
6.81
6.03
5.39
5.85
5.95
5.79
6.05
6.49
5.74
6.03
6.31
5.65
5.46
6.02
5.87
5.75
5.27
5.46
5.51
5.74
5.60
5.36
5.47
5.61
5.50
5.80
5.47
5.39
5.43
5.83
5.72
5.79
5.45
5.65
5.62
5.87
5.60
6.05
5.75
5.77
5.81
5.84
5.84
5.59
5.68
5.90
5.57
6.23
6.00
6.23
5.63
6.43
6.03
6.24
5.84
5.67
5.82
5.73
5.67
6.03
5.85
5.62
6.19
5.77
6.11
5.90
6.03
5.85
5.80
5.80
6.01
6.15
5.69
5.57
6.26
5.75
5.81
5.74
5.51
5.59
6.02
5.89
5.70
5.46
5.90
5.82
5.89
6.00
5.99
5.95
6.11
5.95
5.59
5.72
6.30
5.67
5.72
5.58
5.94
6.00
5.33
5.81
5.93
5.89
5.38
6.15
5.85
5.24
5.65
5.88
6.13
5.93
5.77
5.68
5.88
6.61
6.55
6.28
6.31
6.61
6.63
5.63
5.78
6.01
6.06
5.57
5.62
5.65
5.70
5.73
6.40
5.81
6.05
5.91
6.30
6.46
5.35
5.49
5.26
5.55
5.86
5.52
5.98
5.32
5.24
5.66
5.79
5.91
5.46
5.44
6.04
5.68
5.77
6.25
5.79
5.37
5.74
5.92
6.08
5.47
5.45
6.03
5.95
5.88
6.28
5.82
5.77
5.31
5.56
5.67
5.77
5.32
5.84
5.78
6.49
5.63
5.92
6.47
6.03
6.13
5.60
5.76
6.18
5.67
5.89
5.44
5.89
5.90
6.21
5.86
5.67
5.50
5.88
5.95
5.72
5.73
6.01
6.04
5.45
5.71
5.80
6.25
6.12
5.85
6.21
6.12
5.97
5.83
5.62
6.28
5.67
6.25
5.39
6.11
5.92
5.34
5.96
6.31
6.49
6.47
6.08
5.87
5.73
6.00
5.46
5.72
5.96
5.75
6.37
5.75
5.38
5.69
5.81
6.08
5.60
5.94
5.74
5.67
5.55
5.95
5.99
6.02
6.14
5.68
5.42
5.94
6.38
5.78
5.95
5.96
5.73
5.67
6.13
5.72
6.25
6.05
6.66
7.08
7.13
5.98
5.94
5.84
5.32
5.55
6.06
5.64
5.66
5.73
5.45
5.41
6.06
5.74
5.44
5.48
5.83
5.44
5.36
5.53
5.75
5.54
5.61
5.63
5.58
5.60
5.84
5.81
6.20
6.16
5.76
6.27
5.42
5.78
5.94
5.71
5.73
5.60
5.95
5.43
5.78
5.51
5.84
5.76
5.65
5.85
5.59
6.12
5.75
5.68
5.78
5.65
6.69
6.23
5.56
5.21
5.37
5.67
5.29
5.83
5.58
6.00
5.69
5.75
5.93
5.39
5.64
5.99
6.23
5.87
5.67
5.14
5.82
5.72
5.76
5.32
5.83
6.40
5.46
5.50
5.31
5.88
5.46
6.17
5.69
6.37
5.73
6.16
5.86
6.77
6.52
6.59
5.52
6.13
5.86
6.06
5.88
5.93
5.89
8.79
5.71
6.14
5.52
5.75
5.48
5.57
5.79
5.64
5.66
5.75
5.55
5.60
5.75
6.22
5.64
5.58
5.48
5.74
5.64
5.45
6.13
5.89
5.90
5.74
5.72
6.12
5.94
6.86
6.03
6.22
5.63
5.74
6.30
5.76
5.67
6.04
5.97
5.70
5.53
5.38
5.49
5.51
5.69
5.07
5.75
5.53
5.99
5.80
5.58
5.75
6.74
6.57
5.95
6.19
5.75
5.36
6.19
5.94
5.41
6.01
5.72
5.83
5.23
5.60
5.96
5.76
5.64
5.54
5.83
5.60
5.55
5.37
6.25
6.49
5.98
5.86
6.35
6.24
6.00
6.34
6.22
6.30
6.32
6.00
6.04
6.66
6.60
6.18
5.95
5.88
6.35
6.91
6.82
6.55
5.56
5.69
5.75
5.96
5.90
5.69
5.90
5.48
5.50
5.56
5.51
5.96
5.50
5.81
5.62
5.75
5.84
6.09
6.14
5.38
5.97
6.27
5.86
5.52
6.14
5.52
5.15
5.24
6.07
6.41
6.04
6.01
5.44
6.04
5.84
5.72
6.37
5.47
5.86
5.37
5.59
5.69
5.97
6.27
6.43
6.15
5.48
6.06
5.67
5.54
5.40
5.76
5.57
5.58
7.13
6.28
6.06
5.52
5.74
5.57
5.61
6.19
6.31
6.27
6.19
6.06
5.69
6.28
5.95
5.80
5.97
5.98
5.83
6.34
6.22
5.38
5.62
6.11
5.55
5.83
6.06
5.90
5.92
5.34
5.76
5.87
5.61
5.25
5.87
5.43
5.85
5.63
5.87
6.14
6.16
5.71
5.87
6.64
5.63
5.34
5.90
5.44
5.84
6.09
6.06
5.22
5.46
5.87
5.53
5.56
5.88
5.81
6.00
5.42
5.42
5.73
6.29
5.46
5.55
6.17
5.96
6.05
5.99
6.01
5.93
6.24
6.06
5.84
5.64
5.79
6.04
5.44
5.67
5.91
5.64
5.64
5.75
5.97
5.58
5.90
5.77
6.21
6.17
6.24
5.84
5.94
5.79
5.96
6.02
5.44
5.62
6.01
6.10
6.05
5.99
5.39
5.73
5.41
5.66
7.02
5.46
5.79
5.83
5.56
5.84
5.81
5.75
5.02
6.30
5.78
6.12
6.22
5.50
5.73
5.77
5.57
5.71
5.82
5.82
5.65
6.06
5.78
6.27
5.71
5.67
5.37
6.15
5.26
5.60
6.02
6.11
5.85
6.11
5.67
5.61
6.20
5.72
5.76
5.64
5.93
5.70
6.33
5.93
6.15
5.79
5.85
5.90
6.05
6.07
6.08
6.14
5.78
5.64
5.79
6.15
5.80
5.68
5.47
6.04
6.03
5.76
6.02
5.78
5.96
6.97
5.97
5.39
5.94
5.67
6.08
5.75
6.55
6.29
6.04
6.39
6.12
6.70
6.18
6.09
5.44
6.03
5.84
5.82
5.79
5.85
5.73
5.96
5.46
5.73
6.10
6.26
6.17
6.01
5.93
6.03
7.00
6.48
5.88
6.31
5.90
5.79
5.92
5.50
5.70
6.28
6.19
6.43
6.23
6.35
5.89
6.04
5.93
5.96
5.63
5.39
5.92
5.26
7.07
5.34
6.29
6.17
5.72
5.67
5.33
5.67
5.92
5.26
5.30
5.21
5.80
5.69
5.79
5.60
5.86
6.76
5.91
5.68
5.48
5.93
6.36
5.70
5.61
5.61
5.59
5.45
5.63
5.51
5.33
5.65
5.65
5.67
5.62
5.91
6.96
6.75
5.97
5.54
5.78
5.72
5.70
6.00
5.97
5.85
6.05
6.30
5.63
6.24
6.08
6.34
6.59
5.47
5.70
Resolver: Quad9 https://dns.quad9.net/dns-query
27.85
29.68
27.83
31.39
28.73
27.48
28.39
28.43
10.07
6.93
7.14
6.88
6.91
7.39
7.00
6.84
7.92
7.74
7.64
7.19
6.40
7.42
6.76
7.25
7.59
6.89
7.33
7.44
7.84
7.57
7.27
7.31
7.11
6.94
7.30
6.99
7.37
6.87
7.60
7.06
6.92
7.10
7.18
7.05
7.60
7.42
7.18
6.73
6.69
7.15
7.81
7.29
7.07
7.60
7.02
7.25
7.30
7.14
7.27
7.09
7.07
6.95
7.44
7.26
7.14
7.26
7.30
6.95
7.61
8.08
7.02
7.08
7.00
7.35
6.75
7.11
7.56
7.47
7.59
7.51
7.17
7.11
7.68
7.04
7.11
6.84
8.54
6.70
6.93
7.80
7.38
7.40
6.91
7.42
7.54
7.36
7.29
7.33
6.85
7.57
7.17
7.52
7.29
7.43
7.44
7.45
7.18
7.35
7.24
7.39
7.19
7.18
6.97
7.19
6.95
6.91
7.06
7.25
7.41
7.51
7.19
7.16
7.04
7.01
7.31
7.61
6.96
7.44
7.35
7.39
6.99
7.44
7.27
7.11
7.25
7.31
6.90
7.43
7.29
7.39
6.90
7.11
7.04
7.04
6.91
7.06
7.24
7.71
6.96
7.10
7.16
6.79
7.24
6.80
7.52
7.22
7.38
7.29
7.27
7.30
6.99
7.70
7.71
7.44
6.88
7.37
6.92
7.10
7.04
7.17
7.06
6.46
7.35
7.39
7.15
7.02
6.49
7.21
6.59
7.92
7.42
7.13
7.40
6.83
7.02
7.18
7.44
7.09
6.92
6.95
6.88
6.90
6.82
7.62
6.88
6.71
6.87
7.12
7.19
6.71
6.92
7.20
6.99
7.59
7.46
7.62
7.24
7.35
7.03
7.19
7.23
7.23
7.18
7.32
28.03
7.14
6.90
7.20
7.13
7.05
7.63
8.41
8.57
7.15
7.23
7.18
7.31
6.84
7.44
7.15
7.14
7.35
6.95
7.13
6.98
7.07
7.55
7.57
6.91
7.17
7.22
7.35
7.22
7.23
7.07
7.39
7.05
7.11
7.05
6.99
6.94
7.22
6.97
6.93
7.07
7.44
7.26
6.98
6.78
7.57
6.83
7.18
6.75
7.02
7.17
7.07
7.22
7.55
8.20
7.06
7.42
7.08
7.40
7.29
7.47
7.29
6.95
6.99
7.22
7.57
6.80
7.86
7.00
7.45
7.36
8.17
7.54
7.14
7.22
7.36
7.36
6.75
7.07
7.33
7.01
6.99
7.25
7.15
7.06
7.36
7.61
7.09
6.72
7.08
6.80
7.48
6.99
7.18
7.36
7.16
6.90
6.87
7.15
7.45
7.12
7.20
7.08
7.08
6.96
7.95
7.43
7.03
6.97
7.18
7.05
6.85
7.22
7.26
7.62
7.03
7.24
6.99
7.49
7.05
6.97
6.96
7.26
7.33
7.32
7.30
7.65
7.63
6.97
7.52
7.05
7.41
6.95
7.20
7.12
6.87
7.19
7.33
7.05
6.61
7.59
7.01
7.19
7.06
7.34
7.14
7.50
6.98
7.53
7.32
7.20
7.53
7.50
7.38
7.39
7.26
7.31
7.14
7.10
7.29
6.89
7.64
7.28
7.44
6.59
7.74
7.13
7.06
7.37
7.01
7.21
7.15
7.54
6.85
7.05
7.30
7.24
7.01
7.23
6.90
7.25
6.95
7.41
7.26
7.04
7.34
7.20
7.03
7.25
7.49
7.50
7.04
7.69
7.24
7.01
7.48
7.23
7.11
7.00
7.43
7.04
6.72
7.01
7.64
7.09
7.00
7.41
7.49
7.05
7.54
7.33
7.64
7.26
7.09
7.53
6.94
7.04
7.20
6.90
6.89
6.84
7.10
6.82
7.72
7.25
6.94
7.06
7.56
7.40
7.18
7.27
7.27
7.24
7.49
7.15
7.14
7.31
7.32
6.99
6.79
7.26
7.23
6.98
7.17
7.44
7.12
7.59
7.41
7.10
6.88
7.10
7.11
7.14
7.10
6.84
7.54
6.66
7.41
7.25
7.20
7.13
7.41
7.11
7.16
6.96
6.95
7.19
6.95
6.98
7.88
6.80
7.09
7.57
7.24
7.36
6.90
6.97
7.28
7.18
7.18
6.99
7.28
7.38
7.41
32.60
32.17
7.87
7.88
7.51
7.94
8.11
7.66
8.01
7.61
8.17
7.61
7.93
7.77
7.72
7.68
7.38
7.72
7.30
7.82
7.76
7.51
7.41
7.47
7.45
7.36
7.45
7.56
7.29
7.58
7.48
7.77
8.00
7.77
7.91
7.36
7.88
7.46
7.17
8.11
8.54
7.47
7.77
7.84
7.51
7.25
7.47
7.32
7.79
7.66
7.60
8.93
7.59
7.02
7.20
7.78
7.71
7.74
7.66
7.50
7.47
7.71
6.82
7.39
7.32
8.01
7.27
7.63
10.52
7.62
7.75
7.96
7.73
7.79
8.23
7.29
8.22
7.43
7.96
7.69
7.28
7.90
7.50
7.69
6.94
7.90
7.62
7.96
7.77
7.78
7.23
7.83
7.52
8.03
7.66
7.52
8.05
7.39
7.70
8.11
8.53
7.68
7.47
7.35
7.37
7.11
7.96
7.80
7.90
8.35
7.92
7.26
7.24
7.64
7.48
7.82
7.53
7.27
7.65
7.68
7.62
7.56
7.37
7.71
7.65
7.86
7.41
7.70
7.53
7.65
7.40
7.67
7.54
9.02
7.40
7.84
7.41
7.79
7.72
7.68
7.59
7.82
7.38
7.54
7.49
7.38
7.34
7.37
7.67
7.58
8.30
7.38
7.84
7.47
8.30
7.64
7.68
7.86
7.12
7.96
7.47
7.27
7.15
8.22
8.01
7.62
8.07
8.58
8.10
7.52
7.20
7.87
7.04
7.92
7.82
8.13
7.91
7.67
7.45
7.91
7.80
7.35
7.40
10.83
7.54
7.51
7.62
7.43
7.87
8.35
8.13
7.54
7.44
7.36
7.80
7.50
8.18
7.72
7.75
7.37
7.35
7.81
8.43
8.20
7.48
7.61
7.47
7.74
7.85
7.63
7.01
7.59
8.17
8.33
33.38
31.41
8.23
7.84
7.90
7.60
7.46
7.54
7.38
6.99
7.81
7.86
7.85
7.38
7.10
7.73
7.56
7.78
8.15
7.23
7.67
7.83
8.39
8.04
7.17
7.75
7.29
7.93
7.69
8.30
7.86
7.52
7.22
7.38
7.68
7.79
7.99
7.30
7.90
7.33
7.82
7.90
7.89
8.32
7.27
7.44
7.45
7.66
7.54
7.99
7.74
7.26
7.70
7.95
7.13
7.38
7.52
7.67
7.15
7.74
8.01
7.24
7.55
8.06
7.38
7.97
7.83
7.39
7.32
7.47
8.60
7.30
7.32
7.55
7.09
8.03
7.88
7.86
8.35
7.37
7.16
7.76
7.89
7.42
7.70
8.13
7.51
7.43
7.19
8.00
31.70
32.43
7.55
7.17
7.48
30.63
27.72
28.55
30.25
27.49
27.83
7.25
6.77
7.58
6.92
6.97
6.94
6.94
6.82
7.26
7.58
7.36
7.99
7.06
7.27
Resolver: CleanBrowsing https://doh.cleanbrowsing.org/doh/family-filter/
5.04
5.18
4.59
4.84
5.19
4.82
4.66
5.14
5.08
4.91
5.01
4.58
4.77
5.43
6.05
4.61
6.87
5.67
9.46
5.31
5.76
6.31
5.57
5.12
5.34
5.40
5.01
5.89
4.75
5.00
5.12
4.76
5.49
5.17
5.07
5.64
5.30
5.11
4.99
5.33
4.62
5.62
4.97
5.47
5.30
5.97
5.51
5.55
5.41
4.42
5.51
4.73
5.84
5.61
4.93
5.13
5.73
5.43
4.80
5.19
5.49
5.22
5.22
5.55
5.71
4.70
4.43
5.21
5.16
5.42
5.67
4.66
5.25
4.93
5.11
5.31
5.32
5.44
5.66
4.55
4.96
5.20
9.78
5.58
5.21
4.66
4.58
9.95
5.60
5.78
4.89
5.41
4.78
4.89
4.89
4.69
4.55
5.29
5.14
4.90
4.74
4.97
5.14
5.20
25.19
5.55
6.32
5.14
4.81
4.81
4.42
5.08
4.96
5.87
5.30
5.38
5.22
5.05
21.10
4.79
4.89
4.62
5.64
5.23
5.07
4.44
5.12
4.92
27.29
5.56
4.80
5.87
4.70
5.31
5.17
5.36
4.70
5.34
4.64
4.59
5.39
5.60
5.22
5.23
4.93
4.66
5.19
5.43
5.31
5.07
5.34
5.40
4.59
5.56
4.14
5.19
4.49
5.11
5.72
5.37
4.92
4.83
5.39
4.98
4.93
5.03
4.96
4.44
5.04
5.09
5.68
6.03
5.45
12.18
5.02
5.29
7.03
5.22
26.93
5.59
5.27
5.01
5.13
5.80
5.16
8.15
5.61
4.85
4.91
5.50
6.82
5.77
5.50
5.75
5.17
5.01
5.01
5.13
5.15
5.37
5.03
5.23
5.51
5.55
5.20
5.16
5.18
5.47
5.04
4.92
5.16
5.27
5.73
5.46
5.82
5.03
5.63
5.56
5.22
5.36
5.20
5.72
5.59
5.07
4.53
4.83
4.68
5.44
4.95
5.31
5.30
5.27
5.16
5.33
4.91
5.31
4.81
5.14
5.63
4.73
5.36
5.45
5.30
4.74
4.91
5.65
5.08
4.90
4.92
5.05
4.58
5.24
4.70
4.89
4.90
4.57
5.65
4.80
5.24
5.29
4.99
5.45
5.25
5.46
5.73
8.13
5.50
4.60
4.89
5.33
4.58
4.75
5.57
5.16
4.86
4.78
4.56
5.15
4.67
5.00
4.68
5.22
4.79
4.74
5.13
4.99
4.88
4.96
4.91
5.68
4.84
6.19
5.01
5.07
5.02
5.38
5.17
4.63
5.52
4.92
4.40
5.20
5.25
5.59
4.90
4.97
5.37
5.51
4.92
4.66
4.73
5.60
5.28
5.40
5.61
4.54
5.27
5.20
5.65
4.96
5.31
4.95
4.49
5.08
4.80
5.14
5.79
4.72
4.84
4.81
4.44
4.69
5.19
4.77
4.58
5.84
5.50
5.55
5.18
5.25
5.83
5.73
9.87
5.14
5.42
4.75
5.05
4.94
4.49
4.80
5.15
6.31
10.83
5.33
6.18
5.31
5.37
5.06
5.97
5.36
5.71
5.19
5.26
4.98
5.31
5.16
9.08
7.89
7.98
5.79
5.18
5.49
5.78
4.80
5.42
4.97
5.64
5.60
6.12
5.56
5.67
5.25
5.33
4.91
5.18
5.07
5.23
4.87
5.63
4.85
4.76
5.11
5.23
5.44
5.74
5.55
5.36
5.33
5.30
5.72
5.17
8.05
5.27
7.06
5.96
6.15
5.29
6.91
4.97
4.78
5.97
4.54
5.09
4.71
4.86
4.62
4.81
4.39
9.44
4.43
4.66
4.49
5.08
5.38
5.10
4.94
5.37
4.99
5.44
5.33
5.36
5.08
4.97
4.73
5.78
5.49
5.45
5.32
5.21
5.21
5.36
4.77
5.48
5.14
4.68
4.64
5.27
5.46
5.34
4.65
5.10
5.58
5.16
4.84
5.22
5.52
4.78
5.51
5.16
4.71
5.56
5.05
4.97
5.07
5.28
5.64
4.32
4.97
5.77
5.00
4.76
4.91
5.24
5.09
5.22
5.38
4.79
4.97
5.32
5.25
4.56
4.87
4.19
5.10
5.30
5.20
4.56
5.78
4.94
4.63
4.78
5.87
4.81
5.02
5.02
6.91
4.90
5.08
4.58
5.12
5.04
5.05
5.17
4.61
5.11
5.26
4.83
4.65
5.28
4.68
5.62
4.48
4.89
5.06
5.25
4.85
4.95
4.64
6.78
4.70
5.02
4.98
4.64
4.96
7.04
6.35
5.22
5.31
5.91
5.69
5.01
5.19
4.86
5.49
5.28
5.50
5.87
4.94
4.80
4.72
4.85
5.12
4.48
5.07
4.69
5.25
4.98
5.33
5.39
5.55
5.86
5.47
5.48
4.98
5.60
5.12
5.69
4.89
5.20
5.68
5.96
5.16
5.00
4.80
4.94
5.03
5.33
5.14
4.49
4.71
5.23
5.17
5.52
5.75
5.03
4.48
5.48
4.94
5.73
5.49
5.32
5.21
5.89
4.71
4.20
6.09
5.12
5.11
6.72
5.25
8.76
8.97
5.60
5.08
6.54
5.67
6.40
5.56
4.92
4.68
5.53
6.38
5.44
5.04
4.94
4.76
5.33
5.33
4.92
4.67
4.82
4.87
5.66
5.22
4.99
4.87
6.08
4.86
6.03
8.26
6.44
5.68
5.66
5.59
4.65
5.20
5.23
4.52
4.94
5.84
5.40
5.15
5.17
5.53
5.20
4.89
5.41
5.07
5.00
5.58
5.24
5.49
5.41
4.84
4.68
4.75
5.38
4.98
4.82
4.69
5.30
5.00
5.73
5.32
5.16
5.09
5.07
5.41
5.24
5.47
4.88
4.80
5.49
5.81
5.71
6.48
5.22
4.96
4.71
4.63
4.83
4.92
4.71
5.01
4.96
4.98
4.49
4.43
5.17
4.72
4.70
4.86
4.70
4.94
5.62
5.38
5.19
4.85
4.85
5.35
5.16
4.59
5.06
13.82
5.70
5.74
5.08
5.31
5.28
5.37
5.15
5.21
4.58
5.31
5.11
4.99
5.47
5.81
5.68
5.88
5.50
5.37
4.98
5.49
4.83
5.18
5.48
5.84
4.79
4.82
5.38
4.68
5.14
5.02
5.30
5.19
5.36
5.71
5.27
4.94
5.72
5.00
5.28
5.62
4.73
5.26
5.15
4.81
4.52
5.10
5.63
5.35
5.47
5.11
4.65
5.06
4.69
5.79
5.71
5.44
5.84
4.65
5.31
8.04
4.86
5.24
5.25
4.90
5.21
4.98
5.19
5.30
4.33
4.91
5.39
4.42
5.27
5.77
5.39
4.51
5.46
5.63
5.11
5.40
5.57
5.65
5.02
5.12
5.50
5.73
4.73
4.45
5.22
5.24
5.44
5.19
5.66
5.59
5.76
6.16
4.30
5.55
5.32
5.19
4.93
5.39
5.03
4.78
5.31
5.22
5.15
5.92
4.79
5.46
5.63
5.33
5.11
5.60
5.18
5.26
5.56
5.21
5.55
5.26
4.36
5.10
5.34
5.39
5.84
5.06
5.05
5.15
5.96
4.92
4.28
5.06
5.08
5.03
5.37
4.91
4.54
4.91
4.84
5.24
5.09
4.64
5.26
4.78
4.71
5.53
4.74
5.94
5.68
8.85
5.18
5.01
5.08
5.93
5.33
5.60
4.74
5.79
4.44
5.05
4.97
5.30
5.50
5.78
5.89
5.24
5.60
6.13
5.21
4.93
4.84
5.11
4.20
4.48
5.77
4.77
4.48
4.33
4.77
5.37
5.50
5.28
5.32
4.51
5.13
5.06
5.20
5.12
5.60
5.19
4.72
5.58
4.80
4.91
4.57
5.54
4.86
5.45
5.33
5.23
5.05
5.05
5.14
5.03
5.39
5.25
10.56
11.91
4.58
5.60
5.71
5.42
4.58
5.01
7.35
4.99
13.28
6.42
5.03
5.47
8.14
9.04
5.62
4.98
5.08
4.97
4.99
5.12
4.48
4.68
4.39
5.03
5.27
5.14
5.00
5.08
Resolver: blahdns.com_Japan https://doh-jp.blahdns.com/dns-query
6.66
5.79
5.50
5.89
6.16
7.43
5.52
5.48
19.05
6.09
5.64
5.89
10.62
6.99
5.76
5.75
5.83
6.65
5.22
5.73
10.76
6.59
6.07
12.03
9.37
5.72
5.81
6.29
5.76
5.92
5.44
5.61
5.33
5.06
6.06
5.60
5.30
5.21
5.84
5.71
5.03
4.58
5.08
5.35
5.57
7.14
5.29
6.02
5.31
5.24
5.40
6.90
5.88
5.44
10.00
5.75
5.73
5.35
6.04
5.78
6.22
5.76
6.00
5.99
5.76
5.73
6.15
5.93
5.86
5.96
5.78
5.87
5.62
6.11
6.02
6.29
5.84
6.64
6.29
5.24
5.31
7.08
5.45
5.95
5.84
6.16
5.53
5.84
5.71
6.37
5.80
6.60
6.98
6.13
6.54
6.79
6.35
5.86
5.73
5.88
7.74
6.36
5.44
7.32
6.42
6.88
5.70
9.15
10.34
6.15
6.02
6.32
6.03
5.69
6.01
6.03
5.72
5.88
5.80
13.19
9.78
5.37
6.18
8.05
6.05
5.54
6.14
5.43
5.67
10.17
5.88
6.28
6.02
5.92
5.81
5.51
5.90
6.67
5.50
5.85
11.22
5.54
9.65
6.87
5.75
5.88
10.62
5.91
6.08
8.09
13.55
5.90
5.99
7.63
5.92
5.95
6.39
5.66
5.65
5.97
5.66
5.84
5.89
5.74
6.01
6.52
6.32
5.65
5.69
4.94
5.32
5.06
5.56
5.32
5.57
4.97
5.16
5.39
5.46
5.71
5.24
5.53
5.54
9.05
5.64
5.08
5.46
5.37
5.23
5.02
5.09
6.79
6.91
6.01
7.65
5.65
5.42
5.64
5.46
5.47
7.52
5.55
5.07
5.28
6.48
5.56
5.81
5.27
5.32
5.97
5.71
5.61
5.44
5.55
5.76
8.89
8.34
5.80
9.03
9.41
5.77
14.33
6.00
5.10
5.03
5.47
5.16
5.08
5.95
6.51
6.96
4.70
6.19
6.28
5.54
5.09
5.56
5.23
5.50
5.18
6.18
5.38
5.39
5.09
5.62
5.74
5.52
5.54
5.09
5.44
5.16
5.41
5.70
5.71
5.28
5.80
10.34
5.57
5.83
5.45
5.39
5.52
5.81
5.42
5.40
5.61
5.75
6.74
5.44
5.32
6.14
5.59
10.14
9.01
5.63
5.14
5.43
5.34
6.15
5.61
5.46
6.15
6.13
5.24
6.43
5.28
5.37
5.07
5.41
5.33
5.79
5.24
5.59
5.38
5.09
5.07
5.53
5.36
5.19
5.34
4.68
5.26
5.07
5.41
4.91
5.38
5.51
5.57
5.26
5.42
4.83
5.15
5.15
5.17
5.34
5.11
5.46
5.24
5.32
5.41
5.67
5.88
4.97
5.48
5.62
5.05
5.01
5.19
5.65
5.03
5.50
5.18
8.94
6.20
5.22
14.03
5.33
5.40
5.58
5.06
4.91
5.24
5.54
5.26
5.31
4.91
7.26
5.46
5.39
5.38
5.73
5.31
5.29
5.45
5.93
5.57
6.58
5.59
5.52
5.49
5.32
5.24
5.21
5.13
5.54
5.16
5.50
6.80
9.58
5.22
5.25
5.71
5.28
5.71
5.20
5.16
11.92
5.11
4.86
5.17
4.78
4.98
5.76
5.08
5.51
5.20
5.04
4.87
5.67
5.29
5.60
5.68
5.13
4.97
5.21
5.31
5.66
5.44
5.23
5.52
5.20
4.95
5.32
5.77
5.08
5.44
5.17
5.60
5.61
4.92
5.11
5.24
4.86
5.63
4.95
5.19
6.10
5.29
5.34
5.98
5.53
5.32
5.53
5.41
5.08
5.59
5.36
5.34
5.18
5.10
5.36
7.77
5.33
5.57
4.84
5.27
4.65
5.22
5.16
5.18
5.53
7.89
5.70
5.36
5.08
6.76
6.29
6.02
5.01
5.83
5.07
5.52
5.08
4.92
5.38
5.05
5.54
5.17
5.67
5.00
5.23
5.10
4.88
4.65
4.92
4.86
4.94
5.54
5.17
4.84
4.71
4.68
5.07
5.40
5.03
5.04
5.30
5.33
5.62
5.36
5.44
5.04
5.02
5.10
5.32
5.38
5.37
5.03
4.81
5.19
5.14
5.65
5.51
5.43
5.12
5.06
5.04
5.26
5.61
4.84
4.96
4.82
5.52
5.57
5.17
5.18
5.41
5.38
5.33
5.87
4.85
5.20
5.24
4.77
5.05
4.93
4.76
4.85
4.74
4.98
4.87
5.21
5.00
5.08
5.00
4.94
4.87
5.42
5.06
5.09
5.13
6.21
5.57
5.11
4.89
5.59
5.15
5.36
5.07
5.25
5.17
5.40
5.12
5.14
4.95
5.14
5.01
5.09
5.46
5.64
5.14
5.41
4.84
4.83
5.39
5.41
5.45
4.93
4.89
5.02
5.50
4.81
6.75
5.05
5.44
5.23
5.24
4.81
5.15
5.49
5.18
5.07
5.15
5.03
5.04
4.67
5.52
5.11
5.35
5.21
5.15
5.07
4.85
5.59
5.18
5.16
5.15
5.21
5.66
4.90
4.94
5.13
5.07
5.37
5.15
5.12
5.33
5.08
4.84
4.99
5.44
4.97
5.00
5.44
4.60
4.90
5.39
5.37
5.19
5.05
5.00
4.98
4.94
4.95
5.22
5.02
5.59
5.04
5.44
5.37
5.18
5.91
6.53
5.33
5.41
4.92
5.10
4.72
4.80
5.48
4.91
5.00
5.05
5.06
5.35
5.10
5.02
4.57
4.51
4.68
5.29
5.58
7.31
5.32
5.26
4.65
6.67
4.65
5.56
5.18
5.10
4.76
5.07
5.16
5.21
4.79
5.71
5.05
5.02
5.08
5.34
5.27
5.32
5.01
5.36
5.06
5.65
5.40
5.60
4.60
5.07
5.03
4.68
5.62
7.30
4.99
5.41
5.60
5.14
5.28
4.89
5.05
5.31
5.06
4.66
5.10
5.14
4.85
5.27
4.57
5.27
4.83
5.23
5.14
4.81
5.52
5.36
5.11
5.43
5.14
5.19
5.02
5.25
5.50
5.07
5.55
5.74
5.26
5.28
4.97
5.80
5.35
5.24
4.74
5.11
4.97
5.19
5.24
5.40
5.48
4.64
5.14
5.00
5.16
5.45
5.02
4.98
5.15
5.48
5.21
5.21
4.87
5.38
5.02
5.13
4.75
5.32
5.05
5.31
5.53
4.91
5.11
5.23
5.37
4.82
5.48
5.24
5.47
5.26
5.32
5.29
4.78
5.54
4.92
5.37
4.93
4.93
5.46
4.93
5.57
5.25
4.87
5.06
5.62
4.76
5.47
5.22
5.46
5.11
5.10
4.76
5.09
5.10
5.14
5.44
5.42
4.92
5.02
5.38
5.57
5.32
5.12
5.30
4.86
5.20
5.30
5.23
5.03
4.76
5.27
4.74
5.04
5.30
4.92
5.38
5.16
5.38
5.47
4.99
5.24
5.37
5.13
4.82
5.41
5.45
5.22
5.27
5.26
4.88
4.85
4.67
4.88
4.90
5.17
5.01
4.54
5.33
4.83
5.31
5.32
5.30
5.13
4.89
5.16
5.23
4.96
5.23
5.19
5.13
4.93
5.36
4.92
4.91
4.96
4.98
5.16
4.99
5.11
5.20
4.69
5.53
5.29
5.13
4.91
5.34
4.99
5.22
4.83
4.97
5.30
5.01
4.91
5.43
5.01
5.45
4.98
5.28
5.08
4.82
5.11
4.61
4.90
5.41
5.13
5.36
5.34
4.80
5.03
5.10
5.09
4.97
5.36
5.04
4.45
5.41
5.38
5.15
5.26
5.46
4.92
5.30
5.19
5.36
5.25
5.40
4.96
5.18
4.72
5.39
4.90
5.56
4.94
5.16
5.28
5.33
4.62
5.24
4.74
4.92
5.05
5.40
4.86
5.51
4.65
5.24
5.41
5.36
5.24
4.86
5.35
5.13
4.90
5.77
5.43
5.06
4.80
5.39
5.40
5.14
5.06
5.45
5.36
5.04
4.98
5.11
5.02
4.74
5.38
4.88
5.06
5.45
5.40
4.64
5.55
5.25
5.02
5.12
5.37
5.41
4.97
5.30
5.12
4.74
4.89
5.39
5.12
5.15
5.12
5.08
4.68
5.26
5.59
5.26
4.87
5.35
5.56
5.43
5.36
5.09
5.16
5.08
5.55
5.24
5.42
4.91
5.03
5.11
5.02
5.45
4.53
Resolver: blahdns.com_Germany: https://doh-de.blahdns.com/dns-query
4.94
4.42
5.04
5.13
4.66
4.42
4.22
4.55
4.69
4.86
4.97
4.82
4.72
4.50
5.02
4.68
4.99
4.40
4.36
4.68
4.88
4.70
4.72
4.73
4.47
4.88
4.27
4.23
4.82
4.85
4.57
4.52
4.94
4.81
4.52
4.65
4.77
4.31
4.69
4.72
4.62
4.90
4.78
4.39
4.74
4.66
4.49
5.51
5.08
4.42
5.00
4.36
4.68
5.12
4.71
4.27
4.89
4.65
5.07
4.65
5.04
4.49
4.57
4.51
4.73
4.34
4.59
4.66
4.65
4.74
4.80
4.39
4.76
4.91
4.62
4.69
4.80
4.89
4.76
4.35
5.08
4.86
4.55
4.33
4.80
4.67
4.82
4.95
4.46
4.97
4.33
4.77
6.43
4.64
4.94
4.84
4.20
4.86
4.67
4.49
4.80
4.72
4.76
4.25
4.58
4.56
4.91
4.68
4.58
4.37
5.12
4.48
4.79
4.52
4.69
4.83
4.62
5.39
5.13
4.75
4.51
5.06
4.69
4.55
4.48
4.65
4.72
4.86
4.56
4.58
4.63
4.74
4.52
4.57
4.50
4.75
5.80
5.01
4.44
5.01
5.17
4.66
4.41
4.46
4.47
4.51
4.58
4.75
5.53
5.01
4.72
4.58
4.74
4.13
4.39
4.41
4.70
5.19
5.02
5.13
4.66
4.71
4.50
5.02
4.62
4.54
4.92
4.64
4.41
4.87
4.76
5.12
4.83
4.70
4.72
4.76
4.61
5.09
4.47
5.01
4.29
4.77
4.44
4.63
4.52
4.46
5.46
5.14
4.67
4.81
5.16
4.40
4.96
4.36
4.61
4.97
4.43
4.87
4.78
4.72
4.83
4.97
4.29
4.94
5.17
5.12
4.45
4.57
4.75
4.46
4.40
4.59
4.71
5.00
4.63
4.65
4.79
4.82
4.61
4.66
5.14
4.71
4.75
4.87
4.75
4.98
4.44
4.48
4.98
4.88
5.09
4.40
5.54
4.96
4.67
4.84
4.60
4.70
5.19
4.62
4.64
4.59
4.71
4.73
4.67
4.94
4.59
4.52
4.87
4.70
5.20
4.99
4.69
4.62
5.95
4.79
4.66
4.48
4.62
4.64
4.42
4.93
4.41
4.59
4.96
4.59
4.56
4.83
4.69
4.98
4.66
4.78
4.47
5.28
4.73
4.36
4.58
4.75
4.72
5.06
4.75
4.58
4.81
4.43
4.87
4.90
4.57
4.98
4.56
5.08
4.19
4.64
4.69
5.07
5.50
4.55
4.93
5.02
6.01
4.54
5.34
4.76
5.20
4.89
4.75
4.79
4.93
4.76
5.36
4.95
4.64
4.87
4.35
4.87
4.81
4.46
4.60
4.65
4.30
4.32
4.51
4.58
4.69
4.37
4.78
4.44
4.49
5.26
4.86
4.58
4.81
4.49
4.88
4.27
4.68
4.62
4.70
4.59
4.76
4.21
4.67
4.71
4.62
4.75
5.01
4.67
4.62
4.65
4.49
4.32
4.76
4.63
4.84
4.76
5.35
4.64
4.71
4.32
4.67
4.88
4.88
4.79
4.53
4.86
10.03
4.89
4.69
4.62
4.62
4.56
4.31
4.85
4.74
4.87
4.28
4.62
5.51
4.71
4.36
4.53
4.55
4.64
4.97
4.75
4.40
4.41
4.58
4.77
4.67
4.85
4.60
4.95
4.59
4.70
4.79
4.93
4.66
4.78
4.35
6.26
4.27
5.59
4.69
6.15
5.13
4.75
4.55
4.76
5.02
4.43
4.70
4.96
5.17
4.77
5.05
4.61
5.15
4.52
4.80
4.37
4.61
4.48
4.45
4.56
4.80
4.64
4.63
4.49
4.82
4.58
4.61
5.13
4.94
4.33
4.95
5.06
4.82
4.90
4.26
4.66
4.64
4.60
5.12
4.73
4.66
4.56
4.75
4.47
4.54
4.55
4.73
4.39
4.28
4.45
4.66
5.01
4.48
4.45
4.76
4.62
4.46
4.55
4.72
4.69
5.11
4.38
4.78
5.08
4.45
4.82
4.48
4.69
5.02
4.96
4.65
5.06
5.46
4.68
4.68
5.31
4.42
4.30
4.38
4.85
4.50
4.64
4.33
4.96
4.47
4.84
4.40
4.68
4.56
5.02
4.25
4.59
4.76
4.94
4.77
4.98
4.79
4.48
4.26
5.27
4.43
4.72
5.06
4.53
4.45
4.63
4.65
4.66
4.53
4.56
4.42
4.81
4.98
4.41
4.54
4.90
4.41
4.56
4.47
4.95
4.89
4.51
4.56
5.43
4.74
4.66
4.35
4.57
4.64
4.84
4.57
4.40
4.87
4.47
5.04
4.58
4.66
5.09
4.70
4.94
4.38
4.79
4.65
4.92
4.65
4.84
4.68
4.78
4.67
4.85
4.58
4.44
4.32
4.30
4.84
4.48
5.73
4.64
4.38
4.44
4.29
4.47
4.43
4.69
4.79
4.74
4.44
4.53
4.58
4.96
4.53
5.01
4.41
4.90
5.03
4.80
4.68
7.38
4.75
4.53
4.52
4.92
4.91
4.64
4.91
4.45
4.36
4.90
4.64
4.68
4.66
4.99
4.59
4.81
4.98
4.81
5.22
4.62
4.99
4.45
4.48
4.53
5.45
4.77
4.47
4.66
4.65
4.19
4.69
4.60
4.33
4.79
4.88
4.91
5.02
4.74
4.59
4.70
4.91
4.50
4.28
4.83
4.47
4.65
4.38
4.65
4.77
4.34
4.69
4.49
4.73
4.39
4.82
4.86
4.99
4.92
4.30
4.93
5.38
4.53
4.93
4.54
4.51
4.84
4.52
4.67
4.58
4.54
4.71
4.80
4.60
4.78
4.87
4.42
4.56
4.16
4.73
5.14
5.25
4.89
4.68
4.98
4.43
4.68
4.77
5.20
4.28
4.51
4.59
5.20
4.74
4.59
4.75
4.67
4.48
4.97
4.80
4.71
4.78
4.58
4.34
4.96
4.38
4.45
4.34
4.61
4.49
4.89
4.74
4.84
4.64
4.91
4.62
4.69
4.48
4.33
4.96
4.28
4.38
4.64
4.45
4.71
4.62
4.62
5.43
4.53
4.98
4.77
4.67
4.52
4.76
5.19
4.44
4.50
4.70
4.64
4.35
4.49
4.44
4.94
4.85
4.57
4.83
4.74
4.53
4.67
4.66
4.61
4.32
4.71
4.89
4.87
5.10
4.51
7.65
4.25
4.51
4.76
4.47
4.74
4.64
4.78
4.48
5.18
4.39
5.27
4.54
5.08
4.58
4.50
5.09
4.30
4.53
4.97
4.70
5.13
4.37
4.99
4.57
4.62
4.64
4.59
4.53
4.56
4.60
4.50
5.42
4.68
4.40
4.58
4.36
4.84
4.72
5.01
4.89
5.05
5.34
4.37
4.46
6.59
4.79
4.45
5.01
4.37
4.87
4.86
4.62
5.07
4.47
4.64
4.57
4.74
4.93
4.76
4.82
4.75
4.82
4.34
4.89
4.50
4.91
4.95
4.76
4.68
4.50
4.67
4.76
4.60
4.51
4.51
4.82
4.53
4.64
4.81
4.77
4.34
4.74
4.85
5.01
4.84
4.26
4.49
4.82
4.46
4.70
5.31
4.58
4.31
5.02
5.05
4.40
5.11
4.80
5.13
4.29
4.59
4.43
4.80
4.51
4.45
5.01
5.02
4.68
4.70
4.64
4.62
4.40
4.24
4.69
5.07
4.96
4.73
4.59
4.37
4.89
4.94
5.38
4.43
4.13
4.73
4.63
4.89
4.42
4.71
4.84
4.87
4.71
4.51
4.55
4.66
4.52
4.75
5.37
4.35
4.89
4.34
4.81
4.28
4.60
4.52
5.89
4.85
4.47
4.97
5.03
4.67
5.15
4.87
4.83
4.86
4.63
4.67
4.98
4.91
4.81
4.98
4.96
4.80
4.73
4.68
4.83
4.53
4.32
4.41
4.58
5.03
4.64
4.57
4.71
4.29
4.51
4.69
4.89
4.78
4.43
4.90
4.80
5.19
4.86
4.46
4.55
4.25
4.51
4.73
4.54
4.73
4.45
4.37
4.57
4.35
4.93
4.68
4.91
4.86
4.27
4.49
4.63
4.58
4.56
4.45
4.55
4.86
4.21
4.69
4.77
5.02
4.70
4.49
4.52
5.03
4.74
5.00
4.70
5.25
4.79
5.04
4.38
4.65
4.30
5.25
4.73
4.88
5.16
4.93
4.96
4.72
4.27
4.84
4.88
4.54
4.71
4.43
Resolver:
=======
11.26
10.98
11.16
11.90
11.10
11.02
11.03
11.02
10.96
11.00
11.06
11.00
11.36
11.13
11.08
11.03
11.08
11.00
11.01
11.03
11.05
11.08
11.04
11.13
11.03
11.08
11.02
11.07
10.94
11.08
11.68
11.03
11.12
10.99
11.06
10.99
11.87
11.14
11.05
11.06
11.13
10.96
11.09
11.24
11.04
11.05
11.01
11.05
11.04
11.13
11.04
11.00
11.02
11.04
11.04
11.05
11.06
11.11
10.98
11.12
11.03
11.05
11.02
11.07
11.15
10.99
11.10
11.00
10.97
11.03
11.02
11.11
11.08
11.05
11.13
11.19
11.10
11.02
10.97
11.05
10.94
11.04
11.02
10.98
11.13
11.02
11.22
11.18
11.13
11.03
11.18
11.01
11.01
11.11
11.15
11.04
11.04
11.46
11.11
11.06
11.05
11.02
11.18
11.05
11.02
10.99
11.22
11.07
11.00
11.04
11.00
11.13
11.07
11.04
11.07
11.02
11.06
11.06
11.09
11.06
11.10
11.04
11.11
11.07
11.04
11.04
11.04
11.12
10.98
11.02
10.97
11.06
11.11
11.14
10.99
11.04
11.84
11.88
11.34
11.03
11.04
11.05
11.16
11.01
11.06
11.00
11.02
11.01
11.15
11.01
11.15
11.14
11.10
11.09
10.97
11.13
11.02
11.11
11.03
11.10
11.14
11.07
11.09
10.99
11.09
11.18
11.03
11.13
11.08
11.83
11.04
11.05
11.28
11.15
11.01
11.09
11.01
11.18
11.13
11.00
11.02
11.03
11.12
11.05
11.11
10.99
11.05
11.04
11.18
11.00
11.06
11.10
11.00
11.26
11.02
11.01
11.07
11.22
11.04
11.01
11.03
11.06
11.54
11.04
11.12
11.21
11.07
11.07
11.07
11.04
11.01
11.05
11.04
11.02
11.01
11.03
11.04
11.10
11.04
11.29
11.01
11.05
11.05
11.07
11.05
11.09
11.00
11.81
11.03
11.08
11.07
11.10
11.03
10.99
10.95
11.11
11.00
11.02
11.02
11.05
11.16
11.06
11.15
11.08
11.07
11.31
11.13
11.02
11.10
11.06
11.05
11.10
11.02
11.19
10.98
11.14
11.13
11.24
11.07
11.01
11.06
11.11
10.95
11.04
11.05
11.15
11.11
11.04
11.11
11.05
10.96
11.11
11.07
11.05
11.02
11.06
11.08
11.07
11.11
11.04
11.07
11.03
11.06
11.08
11.06
11.06
11.04
11.08
10.98
11.02
11.07
11.03
11.04
11.01
11.09
11.03
11.10
11.21
10.99
11.10
10.97
11.00
10.97
11.11
11.02
11.14
11.08
11.01
11.04
11.13
11.02
11.05
11.02
11.02
11.10
10.96
11.14
11.06
11.06
11.01
11.08
11.05
11.02
11.11
11.03
11.06
11.04
11.08
11.01
11.87
11.00
11.16
11.07
11.10
11.02
11.06
11.04
11.02
11.12
11.00
11.04
11.00
11.04
11.15
11.17
11.03
11.14
11.01
11.00
11.15
11.08
11.11
11.06
11.07
11.16
11.02
11.20
11.09
11.00
11.03
11.05
11.24
10.97
11.91
11.04
11.07
11.11
11.34
11.04
11.00
11.02
11.13
11.04
11.09
11.12
11.03
11.06
11.04
11.05
11.08
11.04
11.07
11.07
11.08
11.03
11.02
11.08
11.10
11.09
11.22
11.01
11.04
11.12
11.04
11.02
11.02
11.26
11.84
11.58
11.16
11.08
11.02
11.19
11.08
11.05
11.09
11.06
11.04
11.13
11.06
11.07
11.04
11.12
11.05
11.01
11.08
11.04
11.03
11.16
11.10
11.03
11.07
11.01
10.96
11.15
11.04
11.07
11.12
11.04
11.06
11.17
11.05
11.03
16.71
11.08
11.11
11.12
11.08
11.02
11.01
11.01
11.02
11.05
11.03
11.11
10.98
11.05
11.08
11.03
11.08
11.12
11.08
11.09
11.05
11.15
11.12
11.00
11.01
11.08
11.03
11.13
11.01
11.08
11.05
11.07
11.09
11.02
11.06
11.06
11.10
11.06
10.97
11.05
11.05
10.99
11.07
11.15
11.04
11.10
11.15
11.00
11.03
11.21
11.03
10.96
11.01
11.01
11.01
11.11
11.10
10.99
11.05
11.01
11.09
10.98
11.06
11.02
11.02
11.87
11.11
11.03
11.05
11.17
11.52
11.07
11.03
10.97
11.11
11.03
11.23
11.01
11.05
11.00
11.11
11.02
11.07
11.11
11.06
11.00
11.06
11.11
11.17
11.00
11.09
11.02
11.89
11.03
11.13
11.12
11.01
11.04
11.14
10.98
11.12
11.02
11.05
11.05
11.09
11.02
11.02
11.02
11.16
10.99
11.00
11.06
11.04
10.99
11.12
11.01
11.02
11.02
11.00
11.05
11.07
11.06
11.11
11.05
11.03
11.02
11.08
10.95
11.20
10.98
11.00
11.01
10.98
11.09
11.07
10.99
10.96
11.05
11.05
11.06
11.06
11.03
11.10
10.97
11.02
11.07
11.14
11.65
11.10
11.02
11.07
11.16
11.02
11.10
11.18
11.02
11.05
11.03
11.06
10.99
11.04
12.00
11.03
10.99
11.03
11.06
11.00
11.13
11.01
11.10
11.05
11.02
11.14
11.01
11.01
11.11
11.09
11.18
10.96
11.11
11.08
11.03
10.98
11.12
11.09
11.21
11.04
10.95
11.00
11.00
11.07
11.07
11.05
11.92
11.08
11.02
11.06
11.12
11.23
11.06
10.98
11.05
11.04
11.06
11.11
11.03
11.00
11.13
10.97
11.04
11.03
11.07
11.06
11.17
11.04
11.01
11.07
11.09
11.02
11.00
11.00
11.15
11.05
11.05
11.05
11.04
11.63
11.07
11.06
11.15
11.01
11.02
10.98
11.03
11.04
11.02
11.01
11.20
11.02
11.10
11.04
11.03
11.02
11.17
11.00
11.21
10.99
11.05
11.05
11.54
11.09
11.05
11.07
11.06
11.14
11.06
11.09
11.24
11.36
11.02
11.03
10.97
11.04
11.10
11.13
11.10
11.00
11.23
11.29
11.11
11.02
11.06
11.16
11.05
11.00
11.00
11.08
11.11
11.11
11.01
11.04
11.04
11.11
11.11
11.00
11.02
11.06
11.00
11.00
11.32
11.02
11.18
11.13
11.05
11.00
11.14
11.10
11.15
11.06
11.05
11.05
11.11
11.04
11.06
11.00
11.11
11.03
11.10
11.02
11.01
11.04
11.03
11.02
11.17
11.04
11.11
11.16
10.98
11.09
10.96
11.04
11.02
11.06
11.02
11.01
11.08
12.06
11.17
11.07
11.01
11.12
11.08
11.05
11.06
11.09
11.06
11.16
11.05
11.02
11.08
11.04
11.06
11.01
11.10
11.10
11.10
11.01
11.05
11.02
10.99
11.02
11.08
11.92
11.05
11.03
10.99
11.09
11.09
11.14
11.05
10.99
11.05
11.09
10.98
11.04
11.04
11.09
11.02
11.04
11.19
11.01
10.99
10.99
11.04
11.03
11.14
11.29
11.05
11.03
11.05
11.15
11.10
11.01
11.07
11.15
10.98
11.78
10.99
11.08
11.01
11.04
11.08
11.19
11.10
11.07
11.13
11.12
11.12
11.12
11.02
11.01
11.05
11.08
11.04
11.00
11.03
11.06
11.04
11.11
11.04
11.02
11.06
10.98
11.28
11.08
11.08
11.11
11.06
11.03
11.05
11.87
10.99
11.07
11.13
11.14
11.06
11.02
11.12
10.99
11.12
11.09
10.98
11.04
11.08
11.05
10.98
11.06
11.00
11.05
11.08
10.99
11.04
11.30
10.99
10.98
11.09
11.00
11.06
10.98
10.97
11.11
10.97
11.06
11.01
11.06
11.13
11.09
11.02
11.06
11.20
11.07
11.08
11.12
11.02
11.02
11.01
10.96
11.04
11.10
11.06
11.02
11.03
11.08
11.07
11.01
11.10
11.03
10.98
10.92
11.08
11.00
11.06
11.06
11.02
11.00
11.06
11.02
11.05
11.02
11.13
11.04
11.11
11.04
11.21
11.10
11.04
11.08
11.08
10.95
11.07
11.13
11.06
11.10
11.08
11.12
11.01
11.06
11.02
11.05
11.09
11.07
11.01
11.05
11.04
11.10
11.12
11.00
11.01
11.04
11.03
11.04
11.00
11.77
11.13
11.13
11.14
11.02
11.06
11.08
11.12
11.10
11.43
11.06
11.06
11.10
11.42
11.14
11.08
11.16
10.98
11.07
11.21
11.11
11.10
11.16
11.00
Resolver: Cloudflare https://cloudflare-dns.com/dns-query
12.70
12.69
12.73
12.65
12.62
12.59
13.52
12.57
12.65
12.62
12.76
12.66
12.66
12.65
12.67
12.60
12.82
12.60
12.63
12.66
12.63
12.65
12.60
12.62
12.57
12.75
12.66
12.67
12.68
12.64
12.62
12.62
12.62
12.57
12.66
12.61
12.74
13.57
12.61
12.63
12.71
12.61
12.69
12.60
12.64
12.69
12.60
12.65
12.68
12.72
12.64
12.70
12.69
12.60
12.66
12.62
12.79
12.76
12.62
12.58
12.64
12.55
12.63
12.68
12.62
12.63
12.60
12.65
12.53
12.65
12.66
12.66
12.64
12.83
12.66
12.66
12.59
12.61
12.63
12.67
12.63
12.61
12.61
12.74
12.62
12.54
12.66
12.72
12.64
12.59
12.62
12.67
12.71
12.57
12.68
12.60
12.61
12.63
12.74
13.39
12.64
12.63
12.75
12.63
12.60
12.68
12.63
12.61
12.66
12.58
12.64
12.70
12.70
12.63
12.60
12.60
12.62
12.61
12.65
12.66
12.59
12.63
12.75
12.66
12.63
12.76
12.62
12.64
12.66
12.83
12.65
12.62
12.88
12.57
12.65
12.65
12.75
12.65
12.76
13.36
13.19
12.91
12.69
12.60
12.77
13.14
13.15
13.13
13.19
13.18
13.21
12.61
12.75
12.67
12.62
12.67
12.63
12.65
12.68
12.65
12.61
12.64
12.64
12.66
12.61
12.75
12.61
12.70
12.62
12.59
12.64
12.59
12.66
12.62
12.62
12.58
12.69
12.64
12.61
12.75
12.61
12.60
12.62
12.65
12.78
12.64
12.68
12.56
12.64
12.67
13.39
12.62
12.62
12.75
12.61
12.72
12.64
12.62
12.54
12.64
12.67
12.71
12.71
12.60
12.74
12.72
12.66
12.65
12.61
12.67
12.62
12.61
12.60
12.65
12.76
12.62
12.61
12.71
12.68
12.68
12.60
12.66
12.61
12.62
12.67
12.68
12.92
12.69
12.62
12.64
12.66
12.69
12.69
12.61
12.67
12.68
12.59
12.61
12.67
12.59
12.59
12.64
12.65
12.66
12.63
12.72
12.61
12.62
12.58
12.60
13.49
12.64
12.63
12.61
12.67
12.58
12.59
12.61
12.83
12.64
12.67
12.70
12.60
12.58
12.68
12.77
12.62
12.61
12.68
12.54
12.62
12.76
12.67
12.61
12.55
12.62
12.56
12.63
12.60
12.65
12.61
12.70
12.61
12.61
12.64
12.64
12.59
12.56
12.59
12.72
12.63
12.70
12.60
12.63
12.60
12.70
12.69
12.63
12.65
12.59
12.62
12.62
12.54
12.88
12.59
12.72
12.69
12.66
12.61
12.57
12.64
12.60
13.59
12.81
12.88
12.60
12.61
12.60
12.64
12.75
12.65
12.64
12.63
12.84
12.71
12.61
12.63
12.56
12.60
12.52
12.65
12.60
12.64
12.69
12.66
13.59
12.61
12.64
12.59
12.57
12.60
12.66
12.66
12.58
12.56
12.66
12.56
12.64
12.61
12.65
12.76
12.61
12.56
12.58
12.68
12.64
12.93
12.59
12.61
12.75
12.58
12.68
12.62
12.60
12.62
12.74
12.63
12.61
12.67
12.75
12.67
12.64
12.64
12.79
12.64
12.59
12.62
12.64
12.61
12.66
12.57
12.60
12.58
12.57
12.62
12.66
12.61
12.75
12.64
12.65
12.65
12.62
12.65
12.59
12.69
12.60
13.43
12.66
12.56
12.59
12.70
12.66
12.57
12.75
12.75
12.60
12.69
12.64
12.72
12.62
12.69
12.71
12.67
12.73
12.63
12.67
12.66
12.60
12.63
12.68
12.78
12.59
12.63
12.60
12.56
12.62
12.63
12.61
12.67
12.67
12.64
12.59
12.65
12.63
12.66
12.62
12.75
12.65
12.57
12.62
12.62
12.65
12.52
12.60
12.63
12.62
12.68
12.62
12.69
12.54
12.66
12.52
12.56
12.59
12.64
12.76
12.68
12.67
12.75
13.44
12.73
12.70
12.61
12.75
12.61
12.65
12.72
12.61
12.58
12.77
12.61
12.71
12.63
12.60
12.55
12.62
12.56
12.80
12.57
12.61
12.64
12.64
12.62
12.70
12.67
12.63
12.60
12.61
12.62
12.66
12.65
12.62
12.51
12.62
12.61
12.71
12.61
12.67
12.77
12.63
12.57
12.72
12.65
12.63
12.61
12.65
12.63
12.59
12.69
12.64
12.66
12.74
12.62
12.62
12.60
12.59
12.63
12.62
12.76
12.60
12.61
13.62
12.59
12.68
12.71
12.63
12.67
12.64
12.65
12.60
12.65
12.65
12.63
12.65
12.69
12.76
12.58
12.55
12.62
12.71
12.57
12.61
12.61
12.63
12.61
12.81
12.66
13.34
12.55
12.60
12.60
12.58
12.58
12.76
12.60
12.63
12.56
12.64
12.68
12.65
12.60
12.65
12.83
12.64
12.70
12.68
12.61
12.56
12.67
12.54
12.64
12.65
12.61
12.69
12.60
12.62
12.65
12.74
12.68
13.61
12.62
12.63
12.74
12.62
12.67
12.77
12.62
12.59
12.64
12.63
12.66
12.58
12.59
12.68
12.64
12.61
12.66
12.58
12.66
12.65
12.62
12.61
12.59
12.61
12.61
12.59
12.67
12.65
12.72
13.50
12.68
12.60
12.69
12.63
12.71
12.61
12.62
12.70
12.60
12.65
12.61
12.62
12.72
12.55
12.64
12.62
12.59
12.60
12.63
12.62
12.91
12.65
12.65
12.61
12.56
12.63
12.62
12.63
12.69
12.68
13.50
12.68
12.60
12.65
12.59
12.66
12.75
12.58
12.71
12.64
12.63
12.63
12.64
12.60
12.57
12.72
12.70
12.77
12.74
12.65
12.75
12.61
12.60
12.60
12.58
12.77
12.61
12.85
12.65
12.67
12.67
12.61
12.66
12.59
12.62
12.71
12.65
12.62
12.81
12.65
12.70
12.59
12.70
12.72
12.81
12.62
12.67
12.81
12.59
12.60
12.65
12.58
12.60
12.58
12.69
12.63
12.75
12.65
12.68
12.61
12.70
13.48
12.75
12.57
12.69
12.68
12.63
12.74
12.60
12.60
12.59
12.73
12.65
12.66
12.64
12.71
12.66
12.54
12.55
12.65
12.59
12.81
12.63
12.79
12.57
12.66
12.63
12.64
12.74
12.60
12.66
12.66
12.62
12.64
12.62
12.76
12.60
12.62
12.67
12.62
12.66
12.59
12.65
12.59
12.77
12.59
12.62
12.71
12.65
12.63
12.67
12.59
12.75
12.64
12.60
12.64
12.57
12.77
12.64
12.63
12.65
13.58
12.61
12.67
12.74
12.66
12.66
12.64
12.66
12.64
12.61
12.72
12.65
12.61
12.64
12.64
12.58
12.67
12.62
12.65
12.66
12.63
12.58
12.67
12.63
12.63
12.69
12.62
12.63
12.69
12.67
12.57
12.77
12.64
12.64
12.64
12.61
12.66
12.74
12.73
12.57
12.67
12.76
12.60
12.59
12.67
12.81
12.70
12.60
12.67
12.64
12.62
12.61
12.69
12.73
12.59
12.71
12.59
12.63
12.64
12.56
12.73
12.61
12.69
13.37
12.84
12.64
12.65
12.60
12.57
12.62
12.65
12.61
12.63
12.61
12.61
12.78
12.66
12.59
12.60
12.59
12.67
12.69
12.77
12.66
12.77
12.65
12.63
13.38
12.70
12.71
12.62
12.65
12.72
12.59
12.75
12.64
12.72
12.57
12.86
12.63
12.65
12.65
12.63
12.58
12.59
12.61
12.74
12.62
12.62
12.59
12.59
12.77
12.62
12.71
12.66
12.57
12.54
12.63
12.62
12.63
12.65
12.67
12.75
12.66
12.64
12.72
12.63
12.63
12.60
12.59
12.75
12.63
12.72
12.67
12.61
12.70
12.58
12.66
12.59
12.73
12.54
12.62
12.54
12.58
12.65
12.63
12.60
12.64
12.71
13.61
12.63
12.62
12.54
12.69
12.64
12.64
12.75
12.73
12.63
12.69
12.62
12.68
12.70
12.66
12.75
12.70
12.59
12.71
12.65
12.54
12.61
12.70
12.62
12.66
12.66
12.70
12.59
12.62
12.70
12.61
12.65
12.59
12.72
12.59
12.54
12.63
12.67
12.64
12.64
12.62
12.64
12.63
12.68
12.60
12.75
12.59
12.85
12.66
12.81
12.67
12.66
12.61
12.64
12.61
12.82
12.65
12.68
12.62
12.59
12.66
13.53
12.69
12.75
12.62
12.58
Resolver: CleanBrowsing https://doh.cleanbrowsing.org/doh/family-filter/
14.17
13.74
14.21
14.14
13.72
13.83
13.96
13.75
13.81
13.80
13.93
13.77
13.79
13.76
13.76
14.56
13.83
13.73
13.78
13.94
13.79
13.81
13.68
13.83
13.76
13.85
13.85
13.78
13.78
13.65
13.83
13.69
13.92
13.81
13.75
13.72
13.80
13.78
13.75
13.75
13.65
13.69
13.84
13.62
13.66
13.85
13.73
13.92
13.72
13.80
13.73
13.71
13.77
13.67
13.84
13.79
13.75
13.76
13.81
13.72
13.77
13.80
13.87
13.72
13.90
13.66
14.56
13.98
13.79
13.87
13.73
14.01
13.74
13.79
13.87
13.74
13.87
13.77
13.73
13.70
13.76
13.80
13.81
13.73
13.79
13.89
13.71
13.80
13.81
13.77
13.78
13.74
13.89
13.76
13.71
13.90
13.80
13.82
13.83
13.95
13.90
13.85
13.83
13.76
13.83
13.78
13.80
13.80
13.76
13.79
13.83
13.82
13.83
13.71
13.75
13.78
13.80
13.77
13.72
13.76
13.85
13.74
13.88
13.81
13.72
13.74
13.86
13.79
13.73
13.78
13.82
13.89
13.80
13.69
13.94
13.78
13.78
13.86
13.88
13.73
13.74
13.74
13.89
13.70
13.68
13.85
13.71
13.76
13.85
13.90
13.92
13.77
13.80
13.79
13.85
13.84
13.69
13.96
13.86
13.93
13.81
13.77
13.77
13.69
13.87
13.81
13.73
13.85
13.75
13.84
13.81
13.80
13.69
13.79
13.74
13.72
13.79
13.84
13.80
14.71
13.83
13.81
13.75
13.82
13.79
13.77
13.66
13.81
13.76
13.83
13.72
13.84
13.69
13.77
13.72
13.79
13.75
13.73
13.79
13.65
13.83
13.92
13.68
13.82
13.74
13.75
13.75
13.65
14.14
13.72
13.71
13.82
13.80
13.82
13.72
13.83
13.82
13.79
13.71
13.79
13.72
13.78
13.76
13.81
13.72
13.72
13.74
13.70
13.82
13.86
13.85
13.81
13.77
13.83
13.87
14.13
13.88
13.81
13.78
13.84
13.81
13.79
13.81
13.70
13.80
13.89
13.72
13.87
13.77
13.77
13.84
13.79
13.67
13.76
13.90
13.76
13.71
13.84
14.54
14.49
14.05
13.74
13.80
14.47
13.82
13.80
13.65
13.87
13.76
13.74
13.80
13.73
13.79
13.70
13.72
13.85
13.82
13.82
13.93
13.73
13.77
13.73
13.79
13.73
13.79
13.79
13.73
13.70
13.67
13.66
13.92
13.84
13.71
13.94
13.67
13.83
13.82
13.75
13.65
13.66
13.73
14.00
13.80
13.79
13.85
13.74
13.81
14.05
13.74
13.85
13.69
13.73
13.76
13.90
13.73
13.82
13.81
13.72
13.75
13.82
13.82
13.80
14.59
13.87
13.76
13.72
13.83
13.83
13.75
13.75
13.57
13.68
13.91
13.79
13.72
13.77
13.81
13.77
13.75
13.79
13.72
13.86
13.69
13.76
13.71
13.85
13.69
13.76
13.68
13.74
13.80
13.77
13.80
13.79
13.75
13.86
13.66
13.72
13.75
13.85
13.78
13.90
13.84
13.71
14.19
13.71
13.72
13.84
13.72
13.71
13.83
13.81
13.79
13.67
13.67
13.87
13.70
13.78
13.80
13.75
14.63
13.78
13.74
13.78
13.72
13.78
13.85
13.74
13.74
13.91
13.80
13.82
13.75
13.79
13.71
13.83
13.78
13.77
13.65
13.74
13.79
13.71
13.80
13.80
13.79
13.91
14.09
13.92
14.61
13.82
13.89
13.70
13.80
13.77
13.85
13.68
13.89
13.76
13.78
13.85
13.85
13.87
13.71
13.89
13.70
13.73
13.70
13.71
13.79
13.69
13.76
13.85
13.77
13.84
13.71
13.86
13.80
13.80
13.85
13.82
13.68
13.78
13.91
13.94
13.84
13.80
13.80
13.79
13.83
13.75
13.81
13.87
13.79
13.85
13.86
13.72
13.78
13.80
13.76
13.94
13.74
13.83
13.77
13.90
13.80
13.80
14.61
13.81
13.74
13.83
13.79
13.82
13.86
13.64
13.74
13.68
13.85
16.04
13.72
13.73
13.76
13.71
13.70
13.80
13.80
13.70
13.80
13.75
13.78
13.80
13.73
13.78
13.74
13.75
13.73
13.80
13.75
13.79
13.82
13.78
13.75
14.18
13.67
13.65
13.73
13.79
13.66
13.72
13.67
13.80
13.71
13.73
14.35
14.65
14.32
13.82
13.78
13.80
13.69
13.93
13.70
13.77
13.80
13.81
13.73
13.80
13.90
13.80
13.76
13.75
13.80
13.81
13.73
13.76
13.75
13.75
13.81
13.75
13.72
13.78
13.76
14.55
13.66
13.68
13.82
13.79
13.76
13.69
13.86
13.77
13.68
13.73
13.89
13.79
13.72
13.80
13.76
13.75
13.78
13.81
13.83
13.81
13.71
13.69
13.82
13.77
13.71
13.98
13.85
13.63
13.83
13.69
13.75
14.04
13.80
13.74
13.72
13.81
13.84
13.77
13.73
13.79
13.78
13.81
13.80
13.83
13.82
13.79
13.70
13.77
13.72
13.73
13.66
13.77
13.74
13.83
13.77
13.70
13.76
14.54
13.83
13.73
13.76
13.83
13.83
13.81
13.84
13.66
13.76
13.78
13.88
13.72
13.71
13.89
13.71
13.82
13.78
13.78
13.71
13.83
13.83
13.82
13.78
13.76
13.77
13.72
14.65
13.70
13.75
13.76
13.76
13.78
13.76
13.71
13.91
13.77
13.71
13.89
13.81
13.80
13.80
13.79
13.75
13.71
13.70
13.72
13.75
13.81
13.81
13.79
13.77
13.70
13.76
13.72
13.75
13.76
13.77
13.71
13.78
13.72
13.81
13.70
13.71
13.79
13.62
13.76
13.74
13.72
13.76
13.67
13.80
13.71
13.69
13.75
13.78
13.66
13.71
13.84
13.81
13.76
13.78
13.84
14.58
13.78
13.75
13.74
13.78
13.84
13.69
13.79
13.78
13.80
13.83
13.83
13.88
13.76
13.69
13.76
13.77
13.69
13.95
13.75
13.67
13.78
13.89
13.74
13.65
13.77
13.76
13.75
13.89
13.76
13.88
13.81
13.73
13.86
13.84
13.82
13.75
13.71
13.80
13.81
13.71
13.68
13.69
13.72
13.71
13.69
13.85
13.80
13.69
13.68
13.77
13.78
13.77
13.68
13.74
13.77
13.81
14.54
13.66
13.73
13.88
13.79
13.75
13.84
14.00
13.95
13.79
13.82
13.81
13.76
13.74
13.69
13.75
13.82
13.73
13.86
13.69
13.75
13.81
13.78
13.73
13.81
13.61
13.79
13.88
13.69
14.33
13.81
14.65
14.34
14.47
13.88
13.90
13.76
13.77
13.66
13.74
13.64
13.58
13.80
13.74
13.72
13.77
14.07
13.82
13.78
13.84
14.15
13.92
13.72
13.81
13.77
13.67
13.89
13.76
13.61
13.81
13.89
13.67
13.69
13.88
13.67
13.74
13.70
13.74
13.81
13.77
13.83
13.71
13.83
13.87
13.71
13.82
13.68
13.78
13.75
13.96
13.69
13.79
13.81
13.73
13.73
13.78
13.77
14.63
13.61
13.76
13.75
13.78
13.76
13.79
13.72
13.78
13.80
13.77
13.99
13.75
13.72
13.75
13.83
13.77
13.82
13.74
13.73
13.71
13.79
13.82
13.74
13.75
13.73
13.89
13.71
13.79
14.68
13.75
13.79
13.71
13.71
13.79
13.76
13.69
13.91
13.82
13.81
13.84
13.81
13.71
13.68
13.93
13.78
13.71
13.74
14.24
13.69
13.71
13.94
13.81
13.68
13.66
13.84
13.78
13.72
14.81
13.70
13.81
13.83
13.80
13.80
13.73
13.70
13.73
13.83
13.70
13.72
13.73
13.81
13.87
13.70
13.91
13.81
13.74
13.81
13.75
13.65
13.71
13.85
13.68
13.82
13.76
13.71
13.79
14.56
13.77
13.86
13.71
13.69
13.83
14.07
13.72
13.72
13.84
13.70
13.74
13.77
13.85
13.75
13.67
13.75
13.73
13.81
13.72
13.83
13.71
13.79
13.76
13.82
13.71
13.80
13.77
13.81
14.02
14.54
13.77
13.67
13.65
13.84
13.77
13.75
13.82
13.79
13.64
14.10
13.72
13.84
13.80
13.77
13.66
13.76
13.74
13.76
13.91
13.80
13.93
13.69
13.70
13.69
13.73
13.76
14.52
13.81
13.73
13.75
Resolver: blahdns.com_Germany: https://doh-de.blahdns.com/dns-query
11.50
11.99
11.39
11.33
11.21
11.30
11.29
11.31
11.24
11.12
11.35
11.22
11.25
11.20
11.46
11.26
11.25
11.24
11.63
12.00
11.66
11.42
11.39
11.37
11.16
11.20
11.29
11.09
11.19
11.23
11.34
11.38
11.22
11.25
11.28
11.34
11.21
11.18
11.16
11.35
11.22
11.31
11.20
11.12
11.20
11.28
11.17
11.26
11.19
11.35
11.41
11.20
11.27
11.35
11.22
11.32
11.35
11.23
11.32
11.30
11.37
11.30
11.29
12.03
11.24
11.24
11.28
11.26
11.27
11.27
11.29
11.29
11.18
11.19
11.26
11.23
11.21
11.27
11.22
11.29
11.28
11.48
11.35
11.28
11.34
11.16
11.24
11.21
11.25
11.37
11.31
11.26
11.26
11.27
11.22
11.25
11.30
11.32
11.27
11.33
11.10
11.26
11.20
11.36
11.10
11.19
11.22
11.28
11.23
11.14
11.12
11.17
11.37
11.21
11.22
11.25
11.28
11.33
11.07
11.31
11.28
11.37
11.10
11.28
11.26
11.27
11.29
11.99
11.14
11.23
11.23
11.33
11.21
11.21
11.26
11.20
11.32
11.16
11.14
11.30
11.30
11.11
11.17
11.23
11.26
11.21
11.27
11.27
11.17
11.24
11.16
11.33
11.25
11.13
11.25
11.26
11.23
11.21
11.22
11.21
11.42
11.26
11.12
11.16
11.34
11.12
11.27
11.22
11.32
11.24
11.27
11.41
11.19
11.15
11.23
11.21
11.46
11.26
11.26
11.23
11.27
11.28
11.25
11.28
11.27
11.34
12.05
11.27
11.21
11.17
11.58
11.27
11.37
11.16
12.00
11.55
11.12
11.16
11.29
11.17
11.27
11.13
11.31
11.16
11.11
11.24
11.26
11.30
11.19
11.11
11.33
11.15
11.32
11.18
11.14
11.20
11.15
11.27
11.24
11.31
11.37
11.19
11.18
11.20
11.21
11.18
11.34
11.40
11.31
11.21
11.16
11.16
11.29
11.31
11.26
11.53
11.24
11.15
11.48
11.32
11.15
11.24
11.51
11.31
11.29
11.18
11.26
11.26
11.28
11.97
11.28
11.21
11.36
11.24
11.21
11.35
11.23
11.13
11.22
11.36
11.27
11.26
11.25
11.31
11.26
11.28
11.24
11.21
11.29
11.16
11.25
11.28
11.14
11.30
11.24
11.16
11.22
11.15
11.24
11.26
11.02
11.18
11.31
11.18
11.24
11.19
11.29
11.33
11.37
11.32
11.23
11.24
11.31
11.12
11.29
11.34
11.22
11.26
11.27
11.38
11.20
11.37
11.18
11.23
11.15
11.26
11.22
11.04
11.19
11.23
11.31
12.01
11.15
11.16
11.35
11.21
11.18
11.31
11.33
11.26
11.24
11.33
11.24
11.20
11.24
11.19
11.37
11.27
11.25
11.27
11.20
11.25
11.36
11.24
11.34
11.27
11.20
11.26
11.15
11.32
11.25
11.19
11.30
11.34
11.17
11.20
11.23
11.31
11.20
11.22
11.17
11.23
11.15
11.22
11.26
11.24
11.21
11.29
11.46
11.19
11.16
11.18
11.16
11.25
11.18
11.27
11.35
11.21
11.31
11.22
11.20
11.39
12.19
11.23
11.20
11.22
11.22
11.28
11.35
11.25
11.13
11.18
11.36
11.26
11.20
11.11
11.34
11.31
11.44
11.23
11.40
11.44
11.20
11.35
11.27
11.18
11.18
11.18
11.19
11.29
11.21
11.37
11.30
11.25
11.25
12.00
11.33
11.32
11.23
11.22
11.33
11.30
11.21
11.21
11.24
11.52
11.27
11.16
11.29
11.20
11.23
11.26
11.14
11.25
11.27
11.23
11.22
11.19
11.39
11.18
11.21
11.15
11.24
11.33
11.28
11.14
11.25
11.30
11.25
11.28
11.33
11.35
11.26
11.27
11.26
11.24
11.16
11.23
11.36
11.30
11.30
11.21
11.31
11.37
11.24
11.27
11.34
11.25
11.26
11.22
11.20
11.30
11.23
11.14
11.38
11.22
11.80
11.21
11.31
11.32
11.36
11.34
11.26
11.25
11.22
11.22
11.32
11.28
11.17
11.21
11.33
11.33
11.20
11.18
11.39
11.18
11.24
11.25
11.21
11.22
11.24
11.26
11.26
11.17
11.41
11.24
11.18
11.22
11.26
11.28
11.15
11.27
11.17
11.33
11.20
11.51
11.30
11.11
11.34
11.38
11.29
11.32
11.30
11.18
11.21
11.18
11.36
11.21
11.21
11.15
11.35
11.29
11.24
11.20
11.30
11.28
11.26
11.34
11.29
11.11
11.33
11.23
11.16
11.13
11.24
11.20
11.28
11.17
11.32
11.09
11.28
11.26
11.36
11.27
11.10
12.23
11.30
11.25
11.46
11.22
11.30
11.35
11.23
11.34
11.30
11.25
11.33
11.36
11.28
11.10
11.19
11.08
11.36
11.19
11.25
11.19
11.17
11.29
11.38
11.30
11.16
11.32
11.20
11.26
11.32
11.20
11.28
11.21
11.18
11.26
11.25
11.23
11.31
11.18
11.18
11.22
11.22
11.18
11.19
11.32
11.30
11.20
11.23
11.23
11.27
11.16
11.16
11.17
11.26
11.25
11.17
11.29
11.14
11.25
11.29
11.23
11.17
11.36
11.31
11.99
11.23
11.15
11.32
11.34
11.25
11.20
11.25
11.28
11.39
11.26
11.24
11.36
11.15
11.35
11.46
11.26
11.22
11.25
11.24
11.21
11.23
11.35
11.30
11.23
11.17
11.22
11.23
11.22
11.21
11.24
11.19
11.15
11.15
11.26
11.21
11.23
11.35
11.22
11.32
11.25
11.27
11.24
11.22
11.34
11.18
11.20
11.36
11.29
11.46
11.38
11.29
11.27
11.27
11.17
11.13
11.22
11.17
11.23
11.14
11.23
12.05
11.33
11.22
11.28
11.22
11.27
11.25
11.26
11.29
11.21
11.24
11.27
11.22
11.20
11.27
11.31
11.17
11.11
11.24
11.31
11.30
11.27
11.23
11.19
11.28
11.24
11.28
11.17
11.27
11.29
11.55
11.15
11.29
11.22
11.21
11.30
11.24
11.18
11.34
11.24
11.16
11.29
11.20
11.20
11.25
11.30
11.23
11.14
11.34
11.36
11.19
11.22
11.24
11.27
11.20
11.35
11.27
11.38
11.23
11.38
11.32
11.23
11.31
11.28
12.17
11.20
11.35
11.30
11.17
11.18
11.41
11.21
11.23
11.25
11.16
11.24
11.40
11.27
11.24
11.27
11.39
11.24
11.33
11.18
11.21
11.18
11.19
11.20
11.22
11.25
11.28
11.26
11.18
11.22
11.33
11.26
11.27
11.22
11.21
11.24
11.16
11.22
11.15
11.80
11.26
11.19
11.23
11.22
11.47
11.12
11.17
11.23
11.29
11.20
11.27
11.18
11.15
11.25
11.24
11.24
11.16
11.13
11.20
11.23
11.26
11.17
11.36
11.31
11.19
12.03
11.15
11.22
11.30
11.34
11.28
11.26
11.26
11.15
11.12
11.21
11.24
11.31
11.25
11.34
11.36
11.23
11.19
11.36
11.30
11.30
11.23
11.22
11.26
11.18
11.37
11.24
11.17
11.21
11.16
11.38
11.13
11.88
11.29
11.22
11.37
11.25
11.23
11.27
11.18
11.28
11.29
11.21
11.27
11.23
11.28
11.30
11.17
11.21
11.30
11.30
11.27
11.20
11.23
11.18
11.15
11.07
11.28
11.14
11.27
11.27
11.13
11.19
11.35
12.01
11.32
11.33
11.23
11.29
11.15
11.29
11.20
11.18
11.20
11.16
11.22
11.21
11.19
11.28
11.22
11.28
11.25
11.20
11.28
11.31
11.34
11.25
11.26
11.16
11.17
11.29
11.28
11.15
11.29
12.13
11.29
11.41
11.23
11.25
11.31
11.24
11.20
11.11
11.09
11.32
11.33
11.18
11.17
11.17
11.27
11.28
11.20
11.26
11.30
11.37
11.23
11.15
11.67
12.02
11.29
11.22
11.31
11.24
11.19
11.20
11.20
11.29
11.69
11.24
11.33
11.38
Resolver:
>>>>>>> 748abda2665e624d41c8041d7a3835816f5146f3
