Resolver: Google https://dns.google.com/experimental
11.03
10.97
11.12
11.08
11.04
11.03
11.02
11.13
11.87
11.00
11.05
10.99
11.06
10.97
11.06
11.21
11.26
11.10
11.07
10.99
11.06
11.04
10.96
11.04
11.15
11.04
11.07
10.99
11.10
11.06
11.06
10.97
11.07
11.05
11.16
11.11
11.27
11.05
11.09
11.15
11.16
11.87
11.13
11.03
11.22
11.21
11.13
11.11
11.14
11.06
11.20
11.05
11.17
11.07
11.06
11.09
11.05
11.02
11.04
10.99
11.20
11.09
11.02
11.09
10.97
11.05
11.00
10.97
11.02
11.12
11.03
11.04
10.99
11.04
11.13
11.09
11.18
11.09
11.09
11.06
11.19
11.14
11.05
11.19
11.18
11.04
11.03
11.12
11.03
11.30
11.03
11.02
11.13
11.12
11.05
11.03
10.98
11.15
11.01
11.00
11.05
11.26
11.07
11.06
11.07
11.03
10.99
10.97
11.09
11.13
11.09
11.02
10.97
11.03
11.16
11.10
11.04
11.01
11.06
10.94
11.06
11.03
11.27
11.03
11.13
11.26
11.04
11.05
11.11
11.10
11.00
11.07
11.07
11.09
11.19
11.04
11.07
11.10
11.07
11.04
11.04
11.80
11.09
11.02
11.08
11.04
11.04
11.00
11.02
11.15
11.03
11.05
11.19
11.07
11.05
11.11
11.02
11.10
11.03
11.13
11.03
11.05
11.12
11.01
11.06
11.09
11.10
10.99
11.06
11.07
11.12
11.11
11.09
11.02
11.14
11.00
11.14
11.02
11.04
11.04
11.11
10.95
11.07
11.08
11.03
11.05
11.07
11.01
11.04
10.99
11.04
11.23
11.00
11.09
11.09
11.14
11.05
11.14
11.08
11.02
11.07
11.03
11.07
11.04
11.93
11.09
11.03
11.13
11.01
11.05
11.17
11.10
11.12
11.02
11.03
11.07
11.15
11.09
11.18
11.03
11.07
11.07
11.05
11.22
11.16
11.01
11.10
11.18
11.00
11.04
11.03
11.08
11.32
11.16
11.09
11.05
11.08
11.08
11.03
11.00
11.07
11.05
11.12
11.28
11.09
11.04
11.01
11.04
10.96
11.14
11.13
11.04
11.11
11.10
11.02
11.06
11.05
11.10
11.06
11.03
11.03
11.04
11.03
11.03
11.04
11.07
11.10
11.03
11.03
11.06
11.00
11.08
11.14
11.08
11.28
11.57
11.53
11.50
11.38
11.03
11.04
11.07
11.03
11.05
11.07
11.11
11.01
11.23
11.06
11.06
11.09
11.11
11.02
11.06
10.99
11.03
11.01
11.03
11.01
11.06
11.10
11.09
10.99
10.99
11.01
11.01
11.01
11.09
11.09
11.07
11.07
11.05
11.51
11.21
11.12
11.11
11.07
11.02
11.03
11.13
10.99
11.07
11.02
11.10
11.01
11.15
11.00
11.04
10.96
11.10
11.08
11.03
11.16
11.20
11.11
11.86
10.99
11.07
11.06
10.99
11.07
11.13
11.04
11.02
11.22
10.99
11.09
11.03
11.13
11.07
11.03
11.00
11.01
11.13
11.05
11.03
11.19
11.06
11.12
11.05
11.84
11.06
11.11
10.99
11.05
11.15
11.04
11.05
11.04
11.05
11.13
11.07
11.07
11.09
11.04
11.04
11.04
11.13
11.15
11.05
11.25
11.05
11.03
11.15
11.07
11.01
11.03
11.04
11.10
11.14
11.07
11.05
11.11
11.12
12.02
11.06
11.12
11.06
11.09
10.99
11.09
10.97
11.01
11.16
11.07
10.99
11.16
11.08
11.02
11.04
11.10
10.99
11.18
11.79
11.60
11.59
11.24
11.07
11.14
11.16
10.98
11.11
11.02
11.05
11.03
11.05
11.04
10.99
11.92
11.15
11.06
11.06
11.00
11.08
11.04
11.06
11.10
11.01
11.13
11.09
11.01
11.09
11.03
11.13
11.04
11.12
11.10
10.99
11.10
11.08
11.00
11.00
11.10
11.02
11.10
11.06
11.14
11.06
11.00
11.02
11.93
11.01
11.07
11.04
11.10
11.07
11.06
11.06
11.04
11.07
11.04
11.03
11.09
11.00
11.12
11.18
11.01
11.02
11.15
11.02
10.97
11.03
11.12
11.14
11.13
11.13
11.00
11.03
11.02
11.21
11.02
11.18
11.05
11.02
11.13
11.00
10.99
11.01
11.08
11.12
11.32
10.99
11.06
11.09
10.99
11.13
11.03
11.13
11.19
11.05
11.05
11.03
11.06
11.08
11.04
11.01
11.15
11.32
11.41
11.40
11.30
11.36
11.06
11.09
11.13
11.01
11.12
11.18
11.09
11.06
11.09
11.06
11.00
11.04
11.09
11.06
11.01
10.98
11.08
11.01
11.13
11.01
11.12
10.89
11.07
10.99
11.05
11.20
11.00
11.08
11.03
11.01
11.04
11.17
11.08
11.13
11.02
11.92
11.06
11.10
11.27
11.05
10.96
11.10
11.02
11.11
11.14
10.98
11.06
11.02
11.03
11.17
11.06
11.04
11.05
11.01
11.01
10.95
11.04
11.07
11.02
11.11
11.13
11.08
11.00
11.04
11.05
11.05
11.10
11.08
11.04
11.01
11.24
11.03
11.12
11.09
11.03
11.03
11.08
11.08
11.01
11.04
11.15
11.04
11.12
11.02
11.09
11.19
11.10
11.08
11.00
11.14
11.11
11.05
11.12
11.18
11.02
11.14
11.04
11.06
11.08
11.09
12.13
11.02
11.03
11.09
11.11
11.09
11.07
11.00
11.03
11.01
11.15
11.19
11.11
11.11
11.11
11.00
11.04
10.98
11.13
11.06
11.16
10.97
11.14
11.01
10.99
11.09
11.11
11.06
11.05
11.00
11.04
11.04
11.05
11.84
11.08
11.04
11.08
11.00
11.05
10.99
11.03
11.02
11.09
11.20
10.96
11.11
11.10
11.06
11.09
11.13
11.00
11.08
11.12
11.08
11.04
11.00
11.07
11.05
11.03
11.03
11.15
11.07
11.07
11.12
11.07
11.14
11.13
11.04
10.95
11.06
11.02
11.07
11.05
10.98
11.09
10.99
11.01
11.02
11.03
11.19
10.98
11.21
11.12
11.00
10.94
11.09
11.14
11.07
11.08
11.14
10.93
11.08
11.03
11.04
11.03
10.96
11.07
11.05
11.06
10.94
10.98
11.92
11.11
11.08
11.05
11.02
11.15
10.94
11.07
11.06
11.02
11.02
10.97
11.04
11.23
10.93
11.14
11.00
11.03
11.10
11.15
11.00
11.09
11.24
10.99
11.05
11.01
11.05
10.99
11.39
10.95
10.95
11.02
11.04
11.04
11.95
11.14
11.05
11.10
11.02
11.11
11.03
11.03
11.09
11.04
11.02
11.08
10.98
11.11
11.04
11.11
11.03
11.00
11.12
11.04
10.99
11.06
11.02
10.99
11.02
11.00
11.14
11.01
11.12
11.01
11.08
10.96
11.03
11.04
11.14
11.04
11.04
11.04
11.03
10.98
11.13
11.04
11.10
11.04
11.26
11.03
11.10
11.25
11.05
11.35
11.15
11.00
11.03
11.02
11.05
11.10
10.98
11.07
11.03
11.22
11.11
11.02
11.14
11.03
11.07
11.08
11.07
11.06
10.97
11.07
11.09
11.00
11.07
11.04
11.06
10.97
11.20
11.05
11.10
11.04
11.13
11.01
11.07
11.04
11.15
11.00
11.06
11.01
11.04
11.02
11.16
11.23
11.63
11.55
11.66
11.65
11.48
11.31
11.02
11.05
11.32
11.13
11.06
11.04
10.99
11.11
11.09
11.03
11.04
10.97
11.17
11.13
11.04
11.11
11.13
11.01
11.06
10.99
11.07
10.99
10.99
11.09
11.10
11.05
11.12
11.06
11.00
11.06
11.14
10.98
11.02
11.97
12.21
11.02
11.04
11.09
11.04
11.15
11.04
11.01
11.00
11.05
11.11
11.01
10.95
11.11
11.08
11.33
11.03
11.05
11.07
11.07
11.14
11.10
11.00
11.15
11.11
11.84
10.96
11.05
11.00
11.09
11.21
11.05
11.02
10.94
11.09
11.00
10.96
11.03
10.99
11.02
11.12
11.01
10.96
11.03
11.01
10.96
10.99
11.18
10.97
10.99
11.05
11.08
11.09
10.96
10.99
11.06
11.08
12.01
11.01
10.99
11.14
11.08
11.18
11.07
11.02
11.10
11.01
11.07
11.07
11.09
11.03
11.12
11.03
11.13
Resolver: Cloudflare https://cloudflare-dns.com/dns-query
12.66
12.64
12.65
12.70
12.60
12.66
12.61
12.63
12.63
12.60
12.58
12.67
12.76
12.69
12.66
12.64
12.58
12.64
12.69
12.53
12.62
12.62
12.62
12.65
12.71
12.64
13.54
12.64
12.66
12.61
12.63
12.63
12.66
12.56
12.66
12.61
12.54
12.64
12.66
12.65
12.67
12.65
12.77
12.77
12.65
12.62
12.73
12.61
12.81
12.62
12.64
12.62
12.60
12.61
12.61
12.69
12.69
13.22
12.61
12.70
12.57
12.62
12.63
12.64
12.55
12.60
12.69
12.64
12.60
12.62
12.68
12.61
12.63
12.74
12.62
12.68
12.77
12.61
12.58
12.59
12.71
12.61
12.67
12.60
12.60
12.62
12.61
13.28
12.77
12.61
12.75
12.64
12.63
12.72
12.67
12.69
12.61
12.65
12.66
12.65
12.60
12.70
12.58
12.65
12.65
12.59
12.60
12.66
12.68
12.67
12.54
12.59
12.56
12.64
12.61
12.67
12.64
12.60
12.59
13.49
12.60
12.62
12.61
12.61
12.66
12.64
12.65
12.61
12.65
12.53
12.66
12.53
12.69
12.59
12.67
12.60
12.62
12.61
12.65
12.66
12.67
12.61
12.64
12.60
12.83
12.63
12.74
13.38
12.66
12.67
12.70
12.64
12.57
12.67
12.74
12.66
12.80
12.62
12.66
12.65
12.59
12.65
12.81
12.72
12.68
12.56
12.65
12.62
12.80
12.69
12.65
12.60
12.65
12.66
12.67
12.65
12.60
12.61
12.66
12.57
12.60
12.67
12.78
12.66
12.62
12.73
12.73
12.62
12.64
12.66
12.68
12.61
12.66
12.53
12.65
12.66
12.62
12.61
12.66
12.86
12.63
12.62
12.58
12.71
13.54
12.67
12.61
12.58
12.62
12.70
12.64
12.60
12.62
12.84
12.62
12.69
12.65
12.62
12.58
12.58
12.76
12.65
12.75
12.66
12.66
12.69
12.62
12.72
12.65
12.65
12.61
12.64
12.62
12.64
12.60
12.59
12.72
12.60
12.58
12.61
12.60
12.65
12.64
12.62
12.64
12.60
12.72
12.62
12.63
12.57
12.62
12.64
12.67
12.62
12.71
12.60
12.62
12.64
12.63
12.68
12.63
12.61
13.53
12.65
12.81
12.64
12.70
12.56
12.71
12.75
12.70
12.78
12.72
12.69
12.62
12.67
12.56
12.62
12.67
12.67
12.64
12.72
12.63
12.62
12.77
12.58
12.60
12.69
12.60
12.64
12.68
12.54
12.68
12.64
12.74
12.59
12.61
12.63
12.64
12.68
12.77
12.66
12.69
12.67
12.72
12.64
12.66
12.65
12.70
12.62
12.57
12.75
12.69
12.77
12.75
12.65
12.74
12.60
12.57
12.57
12.70
12.60
12.69
12.67
13.46
12.66
12.62
12.62
12.76
12.58
12.79
12.59
12.65
12.62
12.63
12.67
12.65
12.70
12.67
12.60
12.67
12.60
12.71
12.66
12.62
12.60
12.72
12.69
12.63
12.58
12.57
12.56
12.63
12.61
12.66
12.58
12.75
12.64
12.66
12.59
12.66
12.70
12.67
12.61
12.69
12.61
12.74
12.60
12.61
12.69
12.58
12.61
12.78
12.58
12.66
12.68
12.93
12.68
12.62
12.64
12.60
12.63
12.64
12.71
12.66
12.92
12.69
12.61
12.76
12.83
12.64
12.65
12.64
12.62
12.76
12.64
12.67
12.65
12.62
12.67
12.62
12.66
12.68
12.63
12.58
12.65
12.57
12.68
12.72
12.60
13.50
12.62
12.62
12.73
12.61
12.60
12.70
12.66
12.62
12.63
12.64
12.54
12.63
12.56
12.72
12.59
12.64
12.58
12.65
12.67
12.64
12.77
12.66
12.78
12.69
12.69
12.76
12.68
12.63
12.62
12.69
12.64
12.62
12.65
12.72
12.63
12.66
12.63
12.58
12.75
12.71
12.65
12.70
12.66
12.66
12.69
12.76
12.66
12.68
12.59
12.66
12.60
12.69
12.70
12.64
12.60
12.66
12.59
12.65
12.62
13.48
12.62
12.61
12.69
12.66
12.61
12.69
12.60
12.58
12.70
12.59
12.70
12.64
12.69
12.65
12.76
13.09
12.68
12.57
12.60
12.59
12.79
12.58
12.58
12.63
12.60
12.65
12.60
12.68
12.69
12.55
12.74
12.64
12.57
12.79
12.67
12.65
12.65
12.61
12.59
12.70
12.56
12.65
12.63
12.62
12.57
12.75
12.67
12.70
12.59
13.36
13.25
12.67
12.71
12.68
12.64
12.72
12.64
12.60
12.60
12.54
12.68
12.64
12.62
12.66
12.63
12.61
12.63
12.85
12.67
12.65
12.60
12.62
12.62
12.52
12.63
12.72
12.70
12.61
12.69
12.63
12.61
12.74
12.62
12.89
12.58
12.60
12.65
13.02
13.42
12.85
12.63
12.69
12.60
12.69
12.55
12.73
12.71
12.66
12.68
12.66
12.64
12.56
12.61
12.68
12.64
12.62
12.60
12.59
12.63
12.60
12.66
12.63
12.64
12.59
12.55
12.66
12.59
12.60
13.55
12.62
12.62
12.58
12.67
12.64
12.60
12.67
12.61
12.58
12.63
12.62
12.67
12.70
12.62
12.65
12.67
12.70
12.70
12.64
12.63
12.69
12.57
12.59
12.68
12.69
12.59
12.59
12.67
12.58
13.56
12.75
12.62
12.62
12.72
12.59
12.69
12.65
12.58
12.64
12.64
12.67
12.69
12.61
12.61
12.64
12.69
12.61
12.72
12.65
12.65
12.58
12.60
12.67
12.68
12.63
12.61
12.65
12.69
12.64
12.65
12.67
12.60
12.65
12.65
12.63
12.62
12.64
12.71
12.70
12.58
12.71
12.61
12.68
12.59
12.60
12.63
12.65
12.65
12.78
12.67
12.66
12.64
12.68
12.69
12.59
12.68
12.61
12.63
12.73
12.67
13.48
12.62
12.60
12.56
12.64
12.60
12.58
12.62
12.67
12.67
12.59
12.75
12.61
12.55
12.67
12.71
12.73
12.61
12.61
12.70
12.64
12.61
12.59
12.55
12.58
12.71
12.60
12.60
12.62
12.70
12.90
12.64
12.76
12.65
12.69
12.68
12.67
12.68
12.63
12.68
12.65
12.64
12.66
12.65
12.60
12.65
12.61
12.72
12.64
12.66
12.69
12.70
12.60
12.62
12.56
12.74
12.61
12.77
12.64
12.64
12.59
12.67
13.62
12.66
12.56
12.69
12.66
12.58
12.56
12.58
12.58
12.64
12.63
12.58
12.64
12.61
12.70
12.64
12.66
12.64
12.76
12.56
12.62
12.63
12.73
12.59
12.65
12.66
12.69
12.64
12.61
12.61
12.67
12.61
12.69
12.59
12.57
12.73
12.66
12.63
12.70
12.60
12.69
12.60
12.72
12.63
12.68
12.62
12.73
12.59
12.58
12.72
12.61
12.71
12.61
12.62
12.61
12.65
12.70
12.70
12.76
13.02
13.61
13.03
12.59
12.60
12.85
12.79
12.84
12.60
12.63
12.65
12.58
12.61
12.78
12.60
12.63
12.62
12.56
12.72
12.63
12.69
12.61
12.81
12.67
12.66
12.63
12.61
12.68
12.63
12.59
13.69
12.60
12.64
12.59
12.61
12.67
12.66
12.66
12.64
12.72
12.70
12.65
12.66
12.70
12.63
12.64
12.58
12.64
12.71
12.70
12.64
12.58
12.64
12.95
12.69
12.61
12.67
12.63
12.72
12.59
12.64
12.66
12.66
12.65
12.72
12.60
12.60
12.58
12.63
12.70
12.58
12.80
12.64
12.61
12.65
12.59
12.68
12.60
12.66
12.62
12.68
12.61
12.72
12.67
12.58
12.62
13.58
12.65
12.60
12.70
12.65
12.66
12.65
12.61
12.68
12.60
12.56
12.79
12.59
12.67
12.74
12.57
12.66
12.61
12.67
12.72
12.56
12.66
12.60
12.71
12.69
12.78
12.71
12.69
12.60
12.67
13.47
12.77
12.60
12.64
12.65
12.62
12.71
12.63
12.66
12.58
12.66
12.64
12.66
12.78
12.70
12.56
12.59
12.66
12.69
12.57
12.60
12.71
12.73
12.74
12.69
12.59
12.58
12.68
12.64
12.63
12.72
13.50
12.64
12.59
12.57
12.66
12.72
12.80
12.79
12.57
12.68
12.64
12.61
12.64
Resolver: CleanBrowsing https://doh.cleanbrowsing.org/doh/family-filter/
13.76
13.83
13.81
13.89
13.78
13.66
13.69
13.81
13.68
13.80
13.73
13.91
13.67
13.86
13.77
13.74
13.86
13.72
13.74
13.70
13.72
13.73
13.87
13.80
13.81
14.58
13.94
13.68
13.86
13.63
13.80
13.75
13.84
13.84
13.78
13.71
13.82
13.78
13.88
13.77
13.90
13.69
13.80
13.72
13.75
13.89
13.78
14.49
13.84
13.65
14.01
14.32
13.64
13.82
13.76
13.76
13.81
13.79
13.93
13.75
13.99
13.73
13.68
13.90
13.72
13.83
13.65
13.83
13.71
13.77
13.73
13.99
13.86
13.75
13.72
14.08
13.87
13.79
13.81
13.87
13.76
13.83
13.86
13.87
13.78
13.82
13.73
13.84
13.82
13.79
13.68
13.77
13.77
13.85
13.81
13.70
13.99
13.84
13.72
13.69
13.65
14.01
13.84
14.50
13.72
13.94
13.69
13.89
13.76
13.71
13.75
13.67
13.66
13.93
13.76
13.81
13.73
13.87
13.90
13.91
13.67
13.88
13.71
13.91
14.00
13.77
13.76
13.68
13.85
13.84
13.77
13.77
13.85
13.85
13.80
13.81
13.73
13.71
13.75
13.76
13.81
13.60
13.91
13.72
13.67
13.76
13.71
14.02
13.87
13.72
13.74
13.76
13.65
13.67
13.81
13.68
13.76
13.75
14.43
13.78
13.66
13.74
13.76
13.79
14.08
13.73
13.95
13.84
13.83
13.76
13.74
13.81
13.81
13.75
13.79
13.71
13.78
13.67
13.62
13.86
13.74
13.76
13.80
13.65
13.77
13.81
13.90
13.77
13.86
13.75
13.75
13.76
13.69
13.67
13.79
13.84
13.78
13.84
13.86
13.81
13.80
13.81
13.72
13.74
13.78
13.85
13.81
13.74
13.78
13.81
13.75
13.61
13.78
14.57
13.69
13.70
13.69
13.75
13.70
13.77
13.77
13.86
13.87
13.84
13.83
13.83
13.75
13.62
13.79
13.76
13.80
13.80
13.75
13.77
13.77
13.75
13.80
13.71
13.76
13.77
13.74
13.75
13.78
13.80
13.72
13.75
13.80
13.74
13.80
13.74
13.75
13.79
13.74
13.79
13.76
13.72
13.75
13.66
14.05
13.86
13.79
13.89
13.71
13.85
13.80
13.79
13.83
13.80
13.81
13.87
13.69
13.79
13.76
13.76
13.74
13.76
13.69
13.76
13.82
13.80
13.79
13.81
13.80
13.59
13.89
13.75
13.75
13.82
13.79
13.93
13.94
14.49
14.39
14.03
13.80
14.61
13.83
13.70
13.74
13.71
13.74
13.71
13.86
13.71
13.76
13.91
13.89
13.75
13.84
13.83
13.85
13.80
13.76
13.75
13.73
13.74
13.73
13.76
13.64
13.74
13.76
13.69
13.71
13.72
14.46
13.72
13.75
13.75
13.73
13.71
13.85
13.74
13.73
13.79
13.65
13.79
13.73
13.91
13.78
13.67
13.73
13.74
13.82
13.68
13.80
13.81
13.70
13.75
13.76
13.76
13.75
13.74
13.79
13.64
14.70
13.74
13.80
13.76
13.83
13.83
13.69
13.68
13.75
13.79
13.73
13.86
13.71
13.69
13.84
13.68
13.76
13.91
13.86
13.72
13.78
13.82
13.87
13.70
13.78
13.76
13.82
14.53
13.70
13.77
13.71
13.71
13.69
13.85
13.79
13.70
13.81
13.66
13.80
13.86
13.69
13.86
13.72
13.67
13.69
13.70
13.79
13.83
13.74
13.80
13.73
13.77
13.72
13.84
13.77
13.76
13.73
13.80
13.75
13.71
13.93
13.71
13.69
13.70
13.80
13.78
13.83
13.68
13.74
13.69
13.71
13.86
13.82
13.95
13.63
13.78
13.79
13.71
13.89
13.72
13.95
13.79
13.70
13.97
14.66
13.69
13.77
13.87
13.86
13.68
13.62
13.79
13.69
13.81
13.80
13.90
13.76
13.72
13.75
13.84
13.72
13.83
14.15
13.59
13.81
13.68
13.73
13.79
13.76
13.75
13.71
13.84
13.83
13.72
13.71
13.66
13.77
13.83
13.75
13.67
13.72
13.72
13.78
13.83
13.70
13.79
13.70
13.71
13.73
13.74
13.82
13.80
13.69
13.77
13.73
13.78
13.74
13.68
13.66
14.66
13.77
13.82
13.82
13.70
13.65
13.82
13.76
13.74
13.74
13.86
13.71
13.70
13.83
13.75
13.78
13.75
13.91
13.72
13.90
14.51
13.79
14.23
14.48
13.95
13.90
13.76
13.82
13.84
13.82
13.78
13.91
13.78
13.76
13.78
13.71
13.72
13.73
13.93
13.75
13.86
13.67
13.73
13.76
13.88
13.80
13.76
13.72
13.77
13.76
13.69
13.67
13.70
13.75
13.63
13.75
13.81
13.70
13.81
13.75
13.78
13.76
13.73
13.72
13.80
13.69
13.79
13.78
13.68
13.70
13.73
13.69
13.67
13.75
13.74
13.65
13.73
14.31
13.82
13.82
13.89
13.97
13.91
13.92
13.75
13.77
13.69
13.72
13.83
13.72
13.88
13.71
13.88
13.80
13.67
13.71
13.76
13.77
13.76
13.84
13.65
13.67
13.78
13.90
13.79
13.84
13.77
13.79
13.81
13.86
13.77
13.78
13.88
13.83
13.76
13.80
13.70
13.74
13.73
13.80
13.83
13.75
13.89
13.76
13.75
13.73
13.68
13.91
13.79
13.69
13.68
13.73
13.75
13.88
13.73
13.81
13.70
13.75
13.77
13.83
13.82
13.82
13.74
13.71
13.77
13.77
13.76
13.75
13.88
13.88
13.85
13.99
13.97
13.82
13.97
13.71
13.78
13.74
13.75
13.73
14.58
13.66
13.79
13.71
13.76
13.76
13.86
13.77
13.66
13.71
13.86
13.74
13.73
13.73
13.77
13.73
13.81
13.75
13.76
13.81
13.71
14.20
14.47
14.46
14.30
13.87
13.69
13.75
14.57
13.74
13.69
13.84
13.82
13.75
13.96
13.76
13.99
13.66
13.78
13.79
13.77
13.79
13.79
13.75
13.66
13.73
13.67
13.76
13.77
13.82
13.72
13.79
13.81
13.74
13.80
13.71
13.89
14.66
13.80
13.81
13.76
13.76
13.70
13.83
13.80
13.71
13.93
13.74
14.07
13.87
13.84
13.67
13.85
13.73
13.75
13.77
13.73
13.86
13.86
13.70
13.83
13.73
13.78
13.69
13.77
13.83
14.64
13.73
13.80
13.84
13.81
13.75
13.88
14.34
14.40
14.09
14.29
14.10
14.22
14.19
14.45
14.46
14.35
14.34
14.54
14.48
13.87
14.61
15.23
14.86
15.13
14.24
13.64
13.72
13.77
13.75
13.93
13.80
13.69
13.75
13.87
13.67
13.81
13.93
14.07
13.80
13.75
13.95
13.76
13.78
13.71
13.81
13.81
13.68
13.68
13.77
13.75
13.89
13.76
13.82
13.69
14.63
13.79
13.70
13.77
13.78
13.78
13.75
13.73
13.84
13.81
13.77
13.76
13.80
13.73
13.74
13.70
13.76
13.75
13.69
13.69
13.79
13.86
13.72
13.64
13.73
13.82
13.72
13.66
13.82
13.75
13.73
13.76
13.70
13.99
13.85
13.70
13.75
13.77
13.62
13.82
13.76
13.71
13.80
13.74
13.72
13.74
13.75
13.98
13.80
13.79
13.75
13.83
13.82
13.86
13.74
13.87
13.72
14.57
13.75
13.76
13.73
13.77
13.82
13.76
13.83
13.79
13.70
13.67
13.83
13.85
13.72
13.85
13.71
13.70
13.92
13.73
13.73
13.78
13.72
13.79
13.66
13.75
13.79
13.89
13.84
13.67
13.65
13.74
13.78
13.76
13.66
13.86
13.72
13.74
13.70
13.97
13.77
13.78
13.65
13.86
13.93
13.75
13.87
13.84
13.73
13.80
13.77
13.76
13.62
13.86
13.70
13.85
13.78
13.69
14.61
13.79
13.75
13.99
13.75
13.82
13.75
13.65
13.87
13.70
13.73
13.80
13.82
13.75
13.89
13.87
13.73
13.76
13.72
14.36
13.77
13.71
13.66
13.75
13.67
14.01
13.77
13.76
13.67
13.96
13.76
13.73
13.86
13.77
13.76
13.79
13.74
13.77
13.76
13.72
13.80
13.69
13.73
13.75
13.88
13.78
13.82
Resolver: blahdns.com_Germany: https://doh-de.blahdns.com/dns-query
11.23
11.37
11.19
11.42
11.14
11.12
11.17
11.31
11.12
11.13
11.27
11.23
11.31
11.17
11.25
11.27
11.34
11.21
11.21
11.35
11.27
11.22
11.19
11.14
11.29
11.34
11.44
11.28
12.04
11.15
11.31
11.18
11.20
11.23
11.33
11.26
11.23
11.27
11.38
11.17
11.31
11.20
11.34
11.59
11.22
11.10
11.29
11.27
11.40
11.26
11.16
11.29
11.22
11.28
11.35
11.18
11.22
11.27
11.16
11.23
12.14
11.22
11.19
11.24
11.22
11.24
11.19
11.25
11.21
11.16
11.35
11.18
11.30
11.21
11.23
11.29
11.22
11.20
11.22
11.27
11.21
11.17
11.22
11.21
11.99
11.23
11.14
11.18
11.25
11.29
11.30
11.18
11.30
11.20
11.21
11.19
11.33
11.28
11.22
11.25
11.19
11.27
11.22
11.19
11.18
11.18
11.10
11.36
11.18
11.11
11.17
11.15
11.22
11.17
11.24
11.34
11.27
11.29
11.24
11.15
11.21
11.23
11.23
11.25
11.39
11.30
11.21
11.20
11.22
11.20
11.27
11.29
11.16
11.15
11.25
11.29
11.23
11.20
11.29
11.21
11.35
11.20
11.17
11.31
11.62
11.21
11.27
12.14
11.23
11.14
11.31
11.29
11.35
11.28
11.17
11.26
11.28
11.29
11.21
11.28
11.32
11.28
11.20
11.27
11.25
11.19
11.21
11.28
11.22
11.25
11.38
11.14
11.24
11.21
11.29
11.17
11.25
11.24
11.31
11.18
11.24
11.37
11.33
11.20
11.23
11.31
11.31
11.38
11.28
11.38
11.17
11.30
11.30
11.31
11.10
11.35
11.31
11.21
11.31
11.18
11.28
11.22
11.27
11.27
11.27
11.16
11.94
11.23
11.20
11.47
11.24
11.20
11.22
11.27
11.29
11.18
11.15
11.22
11.33
11.32
11.20
11.31
11.30
11.33
11.19
11.26
11.22
11.22
11.29
11.42
11.12
11.27
11.30
11.45
11.16
11.16
11.31
11.25
11.24
11.29
11.24
11.25
11.24
11.26
11.22
11.32
11.20
11.18
11.25
11.31
11.32
11.29
11.15
11.10
11.28
11.35
11.08
11.21
11.33
11.19
11.26
11.18
11.28
11.38
11.25
11.37
11.99
11.15
11.27
11.30
11.25
11.13
11.14
11.30
11.14
11.26
11.45
11.30
11.23
11.44
12.19
11.97
11.40
11.31
11.34
11.20
11.24
11.23
11.33
11.28
11.15
11.19
11.42
11.18
11.20
11.47
11.21
11.20
11.12
11.27
11.28
11.19
11.31
11.25
11.18
11.20
11.18
11.45
11.32
11.24
11.21
11.18
11.19
11.31
11.39
11.14
11.29
11.33
11.29
11.22
11.25
11.17
11.29
11.24
11.15
11.33
11.20
11.19
11.35
11.42
12.11
11.27
11.31
11.16
11.28
11.35
11.34
11.13
11.23
11.20
11.23
11.25
11.13
11.19
11.24
11.26
11.25
11.20
11.19
11.43
11.20
11.30
11.26
11.15
11.21
11.21
11.33
11.34
11.14
11.27
11.18
11.25
11.33
12.15
11.26
11.33
11.26
11.25
11.24
11.20
11.18
11.21
11.12
11.16
11.11
11.22
11.16
11.18
11.44
11.17
11.26
11.31
11.23
11.45
11.16
11.31
11.26
11.84
11.94
11.89
11.88
11.81
11.25
11.31
11.24
11.25
12.15
11.25
11.21
11.31
11.26
11.26
11.26
11.10
11.33
11.27
11.12
11.26
11.25
11.22
11.11
11.14
11.36
11.24
11.19
11.20
11.26
11.24
11.28
11.23
11.38
11.25
11.33
11.21
11.33
11.27
11.37
11.32
11.43
11.35
11.21
11.29
11.16
11.26
11.35
11.28
11.33
11.17
11.15
11.32
11.23
11.27
11.24
11.26
11.21
11.19
11.19
11.19
11.15
11.20
11.17
11.26
11.41
11.23
11.24
11.30
11.23
12.09
11.20
11.32
11.10
11.30
11.30
11.12
11.38
11.38
11.06
11.18
11.26
11.19
11.40
11.30
11.31
11.17
11.20
11.39
11.27
11.19
11.13
11.41
11.20
11.17
11.22
11.17
11.24
11.17
11.17
11.14
11.23
11.31
11.19
11.24
11.29
11.25
11.26
11.27
11.33
11.18
11.21
11.25
11.37
11.33
11.20
11.19
11.34
11.20
11.35
11.18
11.50
11.31
11.37
11.21
11.26
11.22
11.23
11.13
11.32
11.24
11.21
12.22
11.18
11.19
11.09
11.17
11.19
11.24
11.35
11.12
11.15
11.28
11.23
11.22
11.27
11.20
11.22
11.30
11.17
11.23
11.24
11.15
11.27
11.17
11.24
11.18
11.27
11.33
11.13
11.26
11.21
11.33
11.13
11.17
11.21
11.19
11.27
11.17
11.16
11.44
11.10
11.24
11.33
11.83
11.91
11.82
11.58
11.41
11.16
11.28
11.17
11.22
11.20
11.31
11.11
11.44
11.21
11.23
11.03
11.22
11.22
11.24
11.13
11.29
11.25
11.20
11.32
11.18
11.20
11.22
11.25
11.32
11.23
11.15
11.30
11.32
11.29
11.21
11.24
11.17
11.25
11.35
11.14
11.19
11.19
11.33
11.19
11.32
11.25
11.28
11.20
11.31
11.17
11.40
11.17
11.23
11.09
11.11
11.29
11.21
11.27
11.20
11.21
11.17
11.29
11.21
11.36
11.62
11.31
11.20
11.39
11.17
11.24
11.15
11.19
11.25
11.31
11.20
11.27
11.18
11.21
11.75
11.25
11.18
11.20
11.17
11.32
11.23
11.11
11.14
11.24
11.26
11.26
11.42
11.21
11.32
11.12
11.12
11.27
11.24
11.20
11.19
11.25
11.12
11.39
11.22
11.28
11.35
11.13
11.27
11.28
11.33
11.35
11.29
11.27
12.23
11.21
11.44
11.26
11.30
11.21
11.45
11.22
11.21
11.20
11.24
11.15
11.18
11.16
11.25
11.20
11.26
11.09
11.20
11.34
11.17
11.33
11.37
11.19
11.22
11.28
11.21
11.10
11.07
11.16
11.32
11.17
11.24
11.22
11.44
11.20
11.24
11.32
11.27
11.16
11.17
11.37
11.20
11.22
11.16
11.15
11.22
11.64
11.25
11.21
11.23
11.36
11.20
11.24
11.29
11.41
11.40
11.21
11.19
11.13
11.25
11.16
11.15
12.07
11.20
11.14
11.24
11.29
11.16
11.21
11.25
11.34
11.23
11.17
11.26
11.36
11.22
11.18
11.13
11.37
11.33
11.28
11.15
11.17
11.37
11.13
11.16
11.29
11.20
11.34
11.17
11.18
11.29
11.29
11.16
12.10
11.15
11.20
11.13
11.19
11.40
11.24
11.21
11.19
11.20
11.34
11.30
11.26
11.17
11.23
11.11
11.19
11.27
11.46
11.26
11.39
11.21
11.25
11.28
11.24
11.25
11.27
11.21
11.16
11.21
11.98
11.24
11.25
11.17
11.23
11.21
11.21
11.28
11.28
11.14
11.20
11.29
11.42
11.32
11.15
11.26
11.23
11.12
11.25
11.18
11.29
11.36
11.15
11.19
11.15
11.16
11.21
11.09
11.15
11.28
11.24
12.05
11.23
11.30
11.13
11.08
11.71
11.24
11.29
11.30
11.21
11.15
11.19
11.33
11.17
11.31
11.33
11.32
11.30
11.34
11.34
11.25
11.25
11.28
11.09
11.14
11.21
11.18
11.21
11.29
11.10
11.38
11.15
11.24
11.25
11.13
11.16
11.33
11.01
11.27
11.16
11.33
11.23
11.22
11.27
11.25
11.38
11.29
11.29
11.66
11.89
11.95
11.37
11.15
11.28
11.26
11.23
11.36
11.32
11.34
11.31
11.24
11.13
11.13
11.27
11.17
12.16
11.23
11.18
11.28
11.33
11.33
11.17
11.20
11.24
11.24
11.14
11.25
11.33
11.13
11.15
11.48
11.39
11.13
11.19
11.20
11.27
11.28
11.22
11.17
11.22
11.28
11.36
11.12
11.19
11.19
11.13
11.19
11.34
11.15
11.17
11.28
11.29
11.13
11.20
11.27
11.24
11.21
11.21
11.25
11.24
11.29
11.29
Resolver: