Resolver: Google https://dns.google.com/experimental
11.06
11.07
11.12
11.03
11.07
11.05
11.02
11.05
11.15
11.11
11.13
11.06
11.08
11.05
11.06
11.01
11.04
11.04
11.01
11.09
11.11
11.79
11.00
11.04
11.02
10.99
11.03
11.00
11.04
11.05
10.97
11.03
11.04
11.01
11.00
11.00
11.12
11.03
11.04
11.01
11.03
10.99
11.09
11.00
11.11
11.13
11.00
11.06
11.10
11.51
11.09
10.98
11.87
11.14
11.08
11.24
11.05
11.09
11.01
11.16
11.04
11.04
11.06
10.97
10.98
11.01
11.06
11.04
11.00
11.05
11.06
11.05
11.02
11.02
11.08
11.07
11.02
11.01
11.10
11.04
11.01
11.04
11.06
11.07
11.02
11.20
11.12
11.03
11.04
11.04
11.01
11.00
11.03
11.07
10.92
11.04
11.18
11.05
11.01
11.03
11.04
11.00
11.07
11.06
11.00
11.01
11.17
11.01
11.08
11.04
10.99
11.01
11.01
11.09
11.06
11.10
11.03
11.02
11.07
11.09
11.06
11.03
11.29
11.02
11.03
11.05
11.07
11.12
10.99
11.10
11.10
11.02
10.99
11.17
11.04
11.05
11.05
11.08
11.02
11.05
11.07
11.07
11.78
10.96
11.04
11.31
11.03
10.97
11.16
11.05
11.00
11.03
11.10
11.03
11.04
11.05
11.06
11.07
11.09
10.98
10.98
11.04
11.11
11.03
11.02
11.03
11.08
11.01
11.08
11.08
11.04
11.02
11.05
11.09
11.83
11.06
11.03
11.04
11.00
11.13
11.21
11.05
11.07
11.08
11.04
11.02
11.03
11.28
11.04
11.06
11.03
11.07
10.99
11.04
11.06
11.20
11.04
10.99
11.04
11.09
10.94
11.07
11.22
11.04
11.06
11.14
11.06
11.01
11.13
11.05
11.09
11.00
10.99
11.08
11.06
11.08
11.08
11.14
11.03
11.04
10.99
11.07
11.01
11.08
11.13
10.97
10.99
11.09
10.96
11.02
11.10
11.02
11.06
11.02
11.17
11.09
11.01
11.18
10.96
11.75
11.05
11.25
11.05
11.02
11.06
11.01
11.10
11.17
10.94
11.00
10.92
11.11
11.03
11.00
10.99
11.14
11.02
10.96
11.04
11.10
11.00
11.01
11.12
10.98
11.00
11.03
11.05
11.31
11.55
11.59
11.67
11.62
11.26
11.76
11.02
10.98
11.01
11.02
11.07
11.08
11.12
11.11
10.96
11.10
10.97
11.00
11.01
16.82
11.10
11.01
11.03
11.00
11.02
11.13
11.04
11.04
11.01
11.08
11.05
11.04
11.05
11.30
11.00
10.98
11.05
11.18
11.93
10.99
11.11
11.04
11.04
11.11
11.04
11.03
11.18
11.01
11.13
11.15
11.00
11.08
11.06
11.01
11.22
11.05
11.03
11.03
11.09
11.11
11.03
10.96
11.07
11.18
11.05
11.02
10.98
11.20
11.06
10.99
11.05
11.08
10.98
11.09
11.07
11.02
11.04
11.05
11.00
11.20
11.11
11.07
10.98
11.03
11.08
10.94
11.00
11.06
11.07
11.02
10.99
11.02
11.00
11.05
11.03
10.96
11.07
11.05
11.08
11.04
10.99
11.06
11.14
11.05
11.00
10.99
11.12
10.98
11.11
10.99
11.16
11.03
11.03
11.01
11.11
11.24
11.02
11.21
11.17
11.07
11.09
10.97
11.08
11.21
11.02
11.03
11.00
11.04
11.02
11.02
11.08
11.06
11.07
11.04
11.03
11.04
12.07
11.12
11.02
11.10
11.03
11.12
11.06
11.02
10.96
11.06
11.01
11.01
11.03
11.09
11.07
11.00
11.00
11.03
11.05
10.94
11.15
10.97
11.03
10.98
11.00
10.99
11.08
11.08
11.16
10.98
11.04
10.99
11.09
11.09
11.88
11.02
11.20
11.02
11.00
11.06
11.09
11.04
11.03
11.01
11.10
11.01
11.04
10.99
11.03
11.06
11.06
11.16
11.03
10.99
11.00
11.02
11.00
11.15
11.03
11.16
10.99
11.05
11.10
11.01
11.01
11.09
11.10
10.94
11.03
11.06
11.01
11.04
11.04
11.12
11.03
11.05
11.03
11.04
11.00
11.03
11.22
11.07
11.02
11.03
11.00
11.07
11.05
11.06
11.07
10.98
11.04
11.03
11.01
11.00
11.01
11.11
11.06
11.01
11.02
11.14
11.03
11.79
11.03
11.14
11.17
11.07
11.04
10.97
11.09
11.01
10.99
11.10
11.04
11.05
10.99
11.02
11.06
10.95
11.14
10.95
11.02
11.06
11.06
11.07
11.02
11.07
11.14
11.05
11.08
11.09
11.08
10.98
11.01
11.21
11.01
11.80
11.04
11.04
11.00
11.04
11.23
11.15
11.08
11.13
11.03
11.07
11.04
11.00
11.06
11.00
11.13
11.04
11.21
11.00
11.14
11.01
11.04
11.05
10.96
11.00
11.10
10.99
11.10
11.02
11.04
11.04
11.07
11.04
11.06
11.06
10.99
11.02
11.10
11.03
11.16
11.02
11.04
10.99
11.02
11.05
11.01
11.21
10.95
10.93
11.03
11.11
10.99
11.03
11.18
11.00
11.00
11.00
11.14
11.05
10.98
11.08
11.06
10.97
11.02
11.08
11.05
10.98
11.02
12.09
11.04
11.03
11.05
10.99
11.10
11.10
11.09
11.09
11.08
11.05
11.01
11.04
11.04
11.18
11.01
11.07
11.05
11.01
11.09
10.99
10.98
11.08
11.88
11.02
11.07
11.07
11.05
11.01
11.03
11.09
11.10
10.99
10.99
11.02
10.99
11.06
10.99
11.00
11.06
11.02
11.04
11.04
11.05
10.99
11.09
11.08
11.00
11.13
11.22
11.04
11.08
10.99
11.04
11.03
10.99
11.11
11.00
11.09
11.09
11.05
11.03
11.17
11.02
11.08
11.10
11.05
11.04
10.98
11.11
11.00
11.05
11.35
11.04
10.99
11.02
11.04
11.08
11.05
11.00
11.02
11.04
11.12
11.11
11.09
11.03
11.17
11.84
11.05
11.00
11.13
11.00
11.03
11.07
11.05
11.04
11.05
11.09
11.12
10.98
11.04
11.04
10.94
11.01
11.09
11.05
11.00
10.97
11.17
11.09
11.01
11.03
11.09
10.97
11.24
11.02
10.99
11.00
11.00
11.72
11.05
11.07
11.08
11.01
11.05
11.01
11.03
11.02
11.02
11.46
11.28
11.06
11.04
11.02
11.03
11.05
11.01
11.06
11.05
10.99
11.02
11.07
11.04
11.01
11.12
11.06
11.07
11.02
11.03
11.03
11.08
11.04
11.17
11.05
11.00
11.01
11.04
11.06
11.16
10.99
11.10
11.01
11.00
10.97
11.16
11.03
11.08
11.09
11.03
10.99
11.04
11.11
10.98
11.01
11.02
11.10
11.09
10.96
11.11
11.02
11.01
11.03
10.95
11.07
11.01
11.84
11.07
11.03
11.04
11.00
11.09
11.60
11.77
11.61
11.56
11.27
11.29
11.02
10.98
11.02
11.07
11.10
11.08
11.18
10.99
11.10
11.04
11.06
11.08
11.05
10.99
10.96
11.07
11.01
10.95
11.04
11.26
11.09
11.07
11.13
11.06
10.99
11.10
11.06
11.09
10.95
10.98
11.08
11.06
11.07
11.08
11.07
10.98
11.04
10.98
11.02
11.07
10.98
11.07
11.00
11.04
11.23
11.07
11.38
11.07
11.03
11.02
11.03
11.03
11.00
11.01
11.07
11.73
11.00
11.20
11.01
11.01
11.09
11.04
11.11
11.04
11.22
11.04
11.02
11.08
10.98
11.03
11.02
11.07
11.13
11.10
11.01
11.10
11.06
10.98
11.05
11.06
11.03
11.02
11.03
11.04
10.99
10.95
11.15
11.05
11.04
11.02
11.02
11.03
11.02
11.07
10.99
10.99
11.05
11.04
11.10
11.04
11.08
11.02
11.03
11.01
11.03
11.02
11.08
11.14
11.08
11.05
11.02
11.03
11.07
11.01
11.03
11.10
11.13
10.97
11.01
11.07
11.02
11.80
11.15
10.98
11.00
11.02
11.11
11.32
11.08
11.05
11.00
11.02
11.01
11.13
11.02
11.13
11.09
11.08
10.99
11.01
11.00
11.06
11.13
11.08
11.03
11.04
11.08
11.02
10.99
11.11
11.07
11.10
10.98
11.05
11.91
Resolver: Cloudflare https://cloudflare-dns.com/dns-query
12.87
12.60
12.61
12.62
12.65
12.62
12.62
12.65
12.71
12.64
12.60
12.65
12.66
13.14
12.70
12.82
12.63
12.52
12.74
12.61
12.67
12.58
12.76
12.64
12.80
12.58
12.59
13.57
12.64
12.63
12.62
12.66
12.69
12.60
12.66
12.65
12.66
12.89
12.60
12.59
12.55
12.59
12.68
12.73
12.71
12.60
12.62
12.69
12.69
12.61
12.65
12.59
12.66
12.57
12.60
12.67
13.56
12.59
12.66
12.60
12.64
12.62
12.67
12.62
12.57
12.64
12.58
12.62
12.63
12.71
12.62
12.60
12.64
12.65
12.64
12.59
12.61
12.68
12.65
12.63
12.67
12.59
12.63
12.82
12.76
12.68
12.59
12.70
12.60
12.71
13.19
13.15
13.17
13.23
13.09
13.15
13.02
13.04
13.09
13.20
12.59
12.74
12.59
12.60
12.68
12.62
12.71
12.62
12.63
12.64
12.60
12.64
12.56
12.65
12.65
12.60
12.85
12.59
12.67
12.63
12.59
12.61
12.60
12.61
12.52
12.71
12.75
12.56
12.68
12.61
12.59
12.68
12.61
12.57
12.51
12.81
12.61
12.63
12.61
12.64
12.58
12.64
12.73
12.65
13.45
12.61
12.66
12.59
12.64
12.64
12.65
12.64
12.65
12.60
12.61
12.60
12.62
12.74
12.63
12.70
12.70
12.55
12.63
12.61
12.61
12.63
12.54
12.68
12.59
12.59
12.64
12.64
12.69
12.64
12.69
12.58
12.56
12.72
12.67
12.62
12.61
12.64
12.66
12.68
12.78
12.61
12.66
12.69
12.61
12.71
12.71
12.60
12.64
12.63
12.66
12.62
12.63
12.60
12.61
12.66
12.57
12.64
12.54
12.76
13.48
12.58
12.67
12.68
12.61
12.64
12.61
12.59
12.61
12.59
12.73
12.60
12.67
12.62
12.53
12.60
12.64
12.65
12.61
12.78
12.67
12.60
12.67
12.66
12.59
12.66
12.69
12.61
12.65
12.65
13.39
12.60
12.68
12.69
12.68
12.65
12.55
12.59
12.64
12.60
12.59
12.62
12.64
12.57
12.59
12.62
12.58
12.61
12.59
12.62
12.60
12.68
12.62
12.62
12.54
12.65
12.66
12.69
12.62
12.54
12.60
12.56
12.65
12.70
12.56
12.58
12.63
12.66
12.66
12.64
12.63
12.69
12.64
12.67
12.60
12.65
12.88
12.60
12.58
12.67
12.74
12.61
12.65
12.70
12.69
12.64
12.64
12.65
12.60
12.61
12.69
13.52
12.61
12.57
12.63
12.74
12.59
12.65
12.67
12.71
12.60
12.62
12.67
12.61
12.66
12.58
12.60
12.66
12.61
12.63
12.71
12.64
12.65
12.80
12.61
12.68
12.66
12.73
12.64
12.59
12.60
12.58
12.62
12.61
12.61
12.61
12.78
12.65
12.66
12.67
12.65
12.59
12.59
12.68
12.64
12.64
12.64
12.58
12.60
12.66
12.69
12.61
12.70
12.70
12.75
12.68
12.60
12.61
12.65
12.72
13.51
13.10
13.91
13.11
13.40
13.19
13.04
13.04
13.11
13.09
13.04
13.04
13.13
13.10
13.12
13.01
13.18
12.89
12.62
12.66
12.63
12.64
12.64
12.68
12.66
12.65
12.66
12.59
12.60
12.58
12.64
13.34
12.76
12.59
12.58
12.61
12.60
12.61
12.78
12.59
12.74
12.60
12.58
12.65
12.73
12.65
12.58
12.60
12.85
12.66
12.62
12.69
12.64
12.64
12.69
12.62
12.63
12.65
12.64
12.68
12.62
13.47
12.70
12.62
12.61
12.58
12.61
12.63
12.58
12.60
12.59
12.70
12.67
12.65
12.63
12.57
12.64
12.65
12.65
12.61
12.59
12.64
12.60
12.63
12.64
12.67
12.70
12.65
12.72
12.67
12.66
12.64
12.61
13.37
12.60
12.60
12.60
12.81
12.63
12.69
12.62
12.57
13.00
13.07
12.58
12.72
12.60
12.60
12.67
12.61
12.57
12.58
12.60
12.51
13.03
12.79
13.60
12.61
12.62
12.61
12.56
12.67
12.67
12.73
12.62
12.63
12.62
12.62
12.62
12.59
12.74
12.77
12.63
12.61
12.70
12.61
12.64
12.57
12.62
12.64
12.78
12.60
12.72
12.58
12.70
12.60
12.62
12.59
12.59
12.65
12.75
12.57
12.64
12.65
12.61
12.60
12.62
12.62
12.61
12.55
12.63
12.59
12.76
12.58
12.70
12.69
12.61
12.61
12.61
12.72
12.73
12.61
12.63
12.56
12.65
12.64
12.59
12.73
13.57
12.57
12.74
12.65
12.62
12.64
12.62
12.60
12.64
12.76
12.64
12.67
13.32
13.17
13.32
12.83
12.82
12.65
12.59
12.66
12.71
12.59
12.69
12.84
12.54
12.60
12.70
12.62
12.63
12.64
12.72
12.64
12.64
12.66
12.75
12.63
12.61
12.76
12.62
12.64
12.66
12.61
12.62
12.71
12.62
12.58
13.27
12.68
12.78
12.62
12.67
12.63
12.56
12.65
12.62
12.72
12.63
12.64
12.74
12.65
12.64
12.57
13.53
12.61
12.57
12.60
12.64
12.64
12.69
12.65
12.66
12.62
12.64
12.61
12.59
12.61
12.79
12.57
12.59
12.65
12.79
12.64
12.59
12.63
12.72
12.62
12.63
12.72
12.62
12.79
12.63
12.65
12.69
12.61
12.67
12.64
12.70
12.68
12.74
12.61
12.56
12.57
12.59
12.59
12.61
12.56
12.57
12.61
13.08
12.58
12.68
12.74
12.64
12.55
12.63
12.64
12.60
12.67
12.65
12.64
12.69
12.67
13.60
12.68
12.81
12.64
12.64
12.63
12.65
12.65
12.64
12.68
12.69
12.61
12.61
12.59
12.58
12.61
12.66
12.58
12.60
12.64
12.57
12.57
12.89
12.65
12.65
12.56
12.61
12.60
12.60
12.59
12.62
12.65
12.66
12.64
12.75
12.58
12.72
12.62
12.65
12.65
12.65
12.60
12.62
12.61
12.64
12.62
12.71
12.70
12.63
12.60
12.65
12.60
12.56
12.58
12.79
12.60
12.60
13.45
12.64
12.67
12.63
12.75
12.63
12.67
12.62
12.59
12.60
12.58
12.61
12.74
12.77
12.62
12.64
12.79
12.58
12.66
12.61
12.70
12.71
12.67
12.63
12.63
12.63
12.70
12.59
12.59
12.60
13.38
12.64
12.65
12.66
12.65
12.62
12.60
12.57
12.75
12.59
12.64
12.65
12.69
12.62
12.62
12.61
12.64
12.69
12.71
12.61
12.58
12.58
12.63
12.61
12.73
12.63
12.66
12.60
12.64
13.45
12.63
12.62
12.60
12.59
12.61
12.66
12.61
12.65
12.68
12.65
12.61
12.60
12.60
12.67
12.61
12.65
12.60
12.67
12.59
12.66
12.59
12.63
12.69
12.64
12.65
12.68
12.66
12.63
12.68
12.58
13.42
12.66
12.65
12.64
12.65
12.61
12.62
12.62
12.66
12.79
12.60
12.61
12.62
12.63
12.65
12.61
12.61
12.72
12.65
12.63
12.60
12.66
12.62
12.65
12.73
12.75
12.57
12.60
12.67
12.59
12.62
12.59
12.65
12.58
12.56
12.68
12.58
12.63
12.62
12.65
12.64
12.63
12.68
12.66
12.60
12.68
12.64
12.61
12.61
12.67
12.66
12.76
12.63
12.61
12.85
12.64
12.65
12.62
12.64
12.59
12.60
12.64
13.44
12.92
12.70
12.62
12.61
12.60
12.62
12.70
12.62
12.61
12.60
12.57
12.68
12.62
12.68
12.97
12.73
12.64
12.64
12.65
12.71
12.66
12.69
12.61
12.70
12.69
12.63
12.57
12.64
12.63
12.57
12.88
12.62
12.70
12.59
12.64
12.63
12.65
12.68
12.72
12.59
12.66
12.60
12.62
12.59
12.62
12.71
12.62
12.72
12.62
12.64
12.64
12.72
12.56
12.66
12.66
12.66
12.74
12.57
12.61
12.65
13.51
12.79
12.67
12.62
12.62
12.63
12.59
12.70
12.59
12.59
12.62
12.62
12.64
12.87
12.63
12.66
12.63
12.59
12.63
12.71
12.62
12.64
12.68
12.61
12.57
12.56
12.86
12.66
12.61
12.67
12.62
12.61
12.63
12.65
Resolver: CleanBrowsing https://doh.cleanbrowsing.org/doh/family-filter/
13.65
13.74
13.74
13.79
14.66
13.79
13.75
13.74
13.86
13.73
13.80
13.72
13.74
13.74
13.76
13.73
13.75
13.78
13.74
13.71
13.77
13.75
13.76
13.76
13.72
13.72
13.78
13.85
13.66
13.68
13.80
13.90
13.63
13.67
13.69
13.56
13.85
13.72
13.75
13.69
13.67
13.84
13.97
14.80
14.35
13.72
13.66
13.66
13.72
13.70
13.73
13.73
13.91
13.79
13.88
13.79
13.83
13.96
13.82
14.73
13.76
13.68
13.73
13.71
13.78
13.69
13.73
13.82
13.70
13.71
13.83
13.71
13.74
13.72
13.77
13.69
13.82
13.75
13.79
13.90
13.81
13.89
13.80
13.75
13.72
13.74
13.73
14.60
13.70
13.74
13.72
13.70
13.78
13.65
13.73
13.64
13.71
13.78
13.69
13.81
13.76
13.81
13.69
13.75
13.86
13.75
13.79
13.76
13.75
13.77
13.71
13.74
13.79
13.67
13.89
13.77
13.85
13.72
13.88
13.75
13.89
13.76
13.83
13.78
13.81
13.74
13.82
13.76
13.75
13.78
13.73
13.62
13.75
13.84
13.83
13.79
13.83
13.89
13.76
13.77
13.66
13.73
13.70
14.57
13.67
13.78
13.76
13.73
13.72
13.77
13.63
13.80
13.96
13.68
13.79
13.66
13.81
13.68
13.77
13.74
13.73
13.80
13.80
13.75
13.68
13.58
13.71
13.80
13.68
13.86
13.75
13.86
13.72
14.17
13.79
13.64
13.70
13.78
13.81
13.68
13.76
13.71
13.71
13.69
13.69
13.80
13.81
13.92
13.90
13.82
13.73
13.77
13.86
13.78
13.91
13.73
13.84
13.77
13.80
13.79
13.75
13.76
13.77
13.71
13.70
13.68
13.80
13.75
13.79
13.83
13.69
13.82
13.74
13.71
13.75
13.79
13.68
13.83
13.74
13.78
13.77
13.66
13.89
13.60
13.84
13.77
13.72
13.76
13.75
13.83
13.67
13.66
13.75
13.67
13.80
13.65
13.72
13.73
13.70
13.84
13.72
13.97
13.76
13.78
13.68
13.74
13.80
13.68
13.76
13.78
13.82
13.73
13.81
13.67
14.57
13.73
13.70
13.77
13.69
13.78
13.78
13.71
13.76
13.83
13.83
13.68
13.78
13.73
13.76
13.76
13.79
13.74
13.88
13.73
13.79
13.74
13.79
13.73
13.74
13.71
13.70
13.77
13.68
14.59
13.68
13.84
13.66
13.80
13.74
13.75
13.73
13.88
13.68
13.79
13.79
13.91
14.34
14.49
13.93
13.63
13.76
13.81
13.70
13.84
13.78
13.71
13.66
13.74
13.77
13.67
13.81
13.67
14.69
13.70
13.75
13.71
13.93
13.73
13.79
13.76
13.70
13.85
13.77
13.67
13.72
13.76
13.71
13.95
13.71
13.74
13.82
13.73
13.82
13.72
13.72
13.84
13.82
13.61
13.71
14.51
13.87
13.76
13.69
13.88
13.69
13.79
13.77
13.80
13.82
13.75
13.76
13.63
13.72
13.76
13.74
13.77
13.70
13.69
13.85
13.73
13.65
14.14
13.84
13.73
13.78
13.83
13.82
13.76
13.86
13.92
13.81
14.11
14.11
14.18
14.13
14.05
14.06
13.78
13.74
13.71
13.79
13.71
13.83
13.69
13.75
13.79
13.77
13.63
13.77
13.69
13.75
13.82
13.69
13.77
14.58
13.63
13.76
13.76
13.92
13.84
13.69
13.80
13.73
13.86
13.72
13.76
13.72
13.67
13.75
13.77
13.76
13.77
13.78
13.71
13.72
13.83
13.81
13.68
13.77
13.74
13.78
13.73
13.72
13.78
13.73
13.70
13.67
13.68
13.73
13.69
13.76
13.70
13.79
13.63
13.86
13.66
13.67
13.82
13.74
13.67
13.79
13.79
13.83
13.62
13.72
13.71
13.76
13.75
13.70
13.83
13.72
13.87
13.78
14.64
13.71
13.69
13.79
13.73
13.81
13.78
13.70
13.75
13.76
13.69
13.77
13.72
13.80
13.64
13.70
13.76
13.70
13.71
13.76
13.81
13.67
13.68
13.88
13.72
13.71
13.75
13.81
13.72
13.77
13.72
13.75
13.64
13.66
13.80
13.68
13.79
13.67
13.74
13.82
13.66
13.66
13.78
13.63
13.79
13.69
13.73
13.74
13.68
13.71
14.48
13.83
13.68
13.67
13.78
13.65
13.77
13.65
13.84
14.16
14.10
14.08
14.13
14.24
14.72
14.69
14.48
14.30
14.07
14.13
14.17
14.20
14.17
14.22
14.12
14.00
14.09
14.25
14.07
14.68
14.09
14.08
14.20
14.00
14.10
14.14
14.15
14.24
14.18
14.23
14.29
14.15
14.14
14.24
14.16
14.14
14.13
14.34
14.10
14.08
14.42
14.07
14.08
14.15
13.78
13.75
13.70
13.74
13.67
13.69
13.77
13.73
13.70
13.63
13.76
13.79
13.76
13.68
13.83
14.09
13.92
13.74
13.70
13.82
13.76
13.76
13.70
13.76
13.84
13.76
13.75
13.67
13.97
13.83
13.63
13.67
14.63
13.67
14.01
13.70
13.76
13.70
13.84
13.71
13.68
13.74
13.76
13.61
13.73
13.78
13.75
13.76
13.60
13.83
13.77
13.77
13.72
13.84
13.82
14.34
13.80
13.75
13.89
13.69
13.83
13.62
13.72
13.71
13.78
13.77
14.05
13.78
13.61
13.69
13.78
13.85
13.76
13.78
13.76
13.79
13.67
13.78
13.70
13.82
13.81
13.69
13.76
13.81
13.74
13.82
13.75
14.64
13.72
13.74
13.73
13.66
13.81
13.67
13.85
13.88
13.73
13.77
13.78
13.80
13.73
13.69
13.81
13.75
13.74
13.99
13.68
13.82
13.71
13.77
13.81
13.80
14.64
13.83
13.70
13.87
13.77
13.81
13.65
13.80
13.66
13.79
13.68
13.97
13.68
13.75
13.68
13.74
13.73
13.79
13.92
13.68
13.74
13.89
13.82
13.77
13.71
13.70
13.71
13.72
14.73
13.66
13.70
13.82
13.72
13.70
13.79
13.79
13.73
13.71
13.83
13.75
13.75
13.92
13.75
13.62
13.70
13.72
13.81
13.66
13.71
13.82
13.87
13.73
13.80
13.76
13.74
14.59
13.82
13.78
13.68
13.69
13.75
13.71
13.76
14.13
13.97
13.86
13.77
13.70
13.68
13.83
13.64
13.81
13.78
13.73
13.69
13.80
13.89
13.72
13.87
13.78
13.85
13.84
13.67
13.61
13.77
13.66
19.71
13.72
13.72
13.78
13.79
13.70
13.76
13.73
13.79
13.68
13.81
13.79
13.84
13.74
13.72
13.80
13.81
13.73
13.87
13.70
13.79
13.75
13.74
13.83
13.93
14.52
13.68
13.77
13.78
13.73
13.74
13.85
13.74
13.68
13.67
13.82
13.67
13.80
13.96
13.78
13.71
13.70
13.65
13.78
13.65
13.77
13.71
13.76
13.69
13.82
13.71
13.72
13.69
13.88
13.67
14.48
13.77
13.70
13.68
13.77
13.77
13.72
13.71
13.73
13.75
13.76
13.75
13.74
13.70
13.76
13.72
13.67
13.78
13.73
13.76
13.72
13.75
13.73
13.81
13.67
13.79
13.74
13.84
14.62
13.87
13.70
13.89
13.74
13.82
13.70
13.80
13.72
13.64
13.64
13.75
13.72
13.74
13.65
13.65
13.95
13.76
13.67
13.70
13.79
13.79
13.73
13.74
13.78
13.73
13.72
13.76
13.76
14.43
13.70
13.63
13.72
13.81
13.75
13.68
13.77
13.67
13.74
13.67
13.71
13.73
13.83
13.67
13.77
13.80
13.81
13.64
13.70
13.68
13.78
13.78
13.70
13.94
14.48
14.33
13.95
14.55
13.69
13.89
13.71
13.73
13.78
13.70
13.71
13.64
13.73
13.79
13.74
13.80
13.79
13.64
13.85
13.87
13.66
13.73
13.80
13.87
13.64
13.68
13.81
13.73
13.73
13.68
13.82
13.65
13.86
14.62
13.77
13.72
13.70
13.66
13.79
13.69
13.76
13.72
13.80
13.79
13.87
13.71
13.67
13.82
13.73
13.69
13.65
13.77
13.74
13.77
13.79
13.79
13.78
13.78
13.72
13.76
13.72
13.87
14.00
13.94
Resolver: blahdns.com_Germany: https://doh-de.blahdns.com/dns-query
11.26
11.07
11.29
11.19
11.26
11.27
11.37
11.17
11.24
11.24
11.18
11.17
11.26
11.42
11.17
11.30
11.11
11.33
11.36
11.35
11.24
11.29
11.24
11.37
11.14
11.31
11.28
11.18
11.95
11.25
11.33
11.26
11.15
11.11
11.31
11.24
11.23
11.25
11.22
11.22
11.27
11.43
11.22
11.31
11.44
11.18
11.23
11.32
11.16
11.14
11.19
11.26
11.26
11.31
11.38
11.15
11.19
11.33
11.20
11.21
11.24
11.29
11.12
11.16
11.22
11.34
11.23
11.07
11.20
11.13
11.28
11.23
11.17
11.25
11.24
11.30
11.18
11.25
11.18
11.29
11.24
11.16
11.21
11.19
11.38
11.23
11.30
12.15
11.11
11.20
11.31
11.27
11.20
11.23
11.20
11.23
11.10
11.24
11.16
11.22
11.23
11.21
11.29
11.23
11.31
11.19
11.22
11.17
11.32
11.27
11.14
11.12
11.19
11.25
11.30
11.26
11.23
11.21
11.25
11.32
11.13
11.19
11.13
11.20
11.27
11.23
11.19
11.27
11.50
11.15
11.30
11.27
11.32
11.29
11.26
11.29
11.17
11.25
11.23
11.33
11.20
11.29
11.33
11.22
11.19
11.18
11.13
11.23
11.16
12.01
11.23
11.12
11.35
11.30
11.17
11.14
11.20
11.42
11.15
11.23
11.24
11.37
11.20
11.26
11.18
11.22
11.18
11.25
11.37
11.23
11.25
11.24
11.27
11.18
11.15
11.23
11.27
11.15
11.31
11.19
12.01
11.29
11.32
11.22
11.13
11.25
11.18
11.29
11.15
11.19
11.29
11.17
11.34
11.21
11.20
11.20
11.19
11.20
11.24
11.24
11.29
11.27
11.06
11.13
11.26
11.20
11.26
11.10
11.22
11.35
11.21
11.35
11.27
11.37
11.29
11.17
11.28
11.31
11.56
11.25
11.12
11.30
11.38
11.15
11.30
11.26
11.12
11.31
11.27
11.27
11.48
11.35
11.24
11.16
11.23
11.22
11.38
11.12
11.20
11.27
11.22
11.36
11.20
12.07
11.21
11.21
11.31
11.31
11.18
11.26
11.29
11.25
11.37
11.20
11.25
11.28
11.36
11.14
11.11
11.16
11.33
11.17
11.28
11.04
11.22
11.23
11.20
11.32
11.20
11.28
11.25
11.15
11.31
11.17
11.25
11.31
11.25
11.17
11.17
11.32
11.27
11.25
11.15
11.18
11.25
11.36
11.40
11.24
11.23
11.30
11.21
11.44
11.16
11.19
11.22
11.31
11.24
11.26
11.24
11.20
12.10
11.24
11.26
11.18
11.22
11.24
11.27
11.22
11.36
11.19
11.29
11.20
11.20
11.45
11.39
11.27
11.16
11.21
11.20
11.14
11.34
11.20
11.24
11.32
11.24
11.13
11.25
11.32
11.30
11.17
11.28
11.23
11.23
11.36
11.11
11.43
11.21
11.12
11.29
11.20
11.18
11.28
11.27
11.28
11.13
11.18
11.27
11.25
11.19
11.22
11.24
11.21
11.08
11.09
11.23
11.22
11.17
11.07
11.32
11.32
11.14
11.31
11.21
11.87
11.22
11.33
11.29
11.53
12.01
11.86
11.59
11.27
11.38
11.22
11.20
11.27
11.29
11.12
11.17
11.27
11.26
11.22
11.07
11.15
11.33
11.21
11.16
11.04
11.21
14.94
11.29
11.35
11.21
11.15
11.21
11.29
11.60
11.36
11.28
11.22
11.50
11.22
11.21
11.16
11.33
11.38
11.11
11.23
11.24
11.15
11.23
11.22
11.30
11.18
11.35
11.21
11.22
11.42
11.23
11.24
11.32
11.19
11.21
12.13
11.19
11.35
11.13
11.39
11.12
11.38
11.19
11.19
11.18
11.29
11.09
11.14
11.17
11.32
11.15
11.78
11.85
12.08
11.90
11.37
11.21
11.26
11.52
11.19
11.29
11.22
11.14
11.22
11.13
11.40
11.32
11.16
11.13
11.22
11.36
11.18
11.10
11.26
11.21
11.29
11.27
11.21
11.29
11.24
11.18
11.36
11.20
11.28
11.33
11.34
11.34
11.17
11.06
11.25
11.11
11.23
11.15
11.21
11.27
11.23
11.23
11.25
12.05
11.17
11.14
11.19
11.33
11.18
11.26
11.32
11.42
11.27
11.22
11.10
11.18
11.12
11.19
11.12
11.26
11.15
11.23
11.45
11.19
11.20
11.06
11.35
11.18
11.19
11.34
11.21
11.28
11.25
11.15
11.27
12.12
11.20
11.25
11.24
11.21
11.14
11.31
11.26
11.23
11.31
11.26
11.33
11.34
11.20
11.18
11.15
11.17
11.31
11.16
11.29
11.22
11.20
11.18
11.21
11.13
11.26
11.22
11.18
11.28
11.21
11.13
11.19
11.09
11.28
11.35
11.20
11.21
11.23
11.32
11.92
12.09
11.50
11.34
11.29
11.27
11.18
11.26
11.25
11.26
11.16
11.49
11.27
11.39
11.16
11.30
11.31
11.24
11.20
11.10
11.40
11.30
11.19
11.09
11.11
11.23
12.16
11.30
11.26
11.22
11.19
11.26
11.35
11.32
11.24
11.14
11.34
11.46
11.38
11.31
11.25
11.22
11.34
11.29
11.25
11.29
11.27
11.33
11.23
11.26
11.17
11.32
11.18
11.21
11.33
11.26
12.07
11.18
11.29
11.25
11.26
11.06
11.44
11.29
11.30
11.17
11.18
11.23
11.29
11.29
11.26
11.06
11.33
11.09
11.23
11.23
11.18
11.25
11.23
11.20
11.25
11.26
11.21
11.26
11.19
11.16
11.13
11.15
12.15
11.29
11.27
11.31
11.40
11.17
11.12
11.17
11.26
11.14
11.12
11.38
11.36
11.26
11.15
11.50
11.47
11.31
11.23
11.24
11.42
11.31
11.45
11.34
11.34
11.38
11.37
11.22
11.25
11.41
11.24
11.21
11.12
11.31
11.17
11.16
11.44
11.30
11.25
11.17
11.44
11.17
11.22
11.12
11.25
11.33
11.32
11.35
11.38
11.24
11.16
11.24
11.19
11.30
11.19
11.48
11.15
11.22
11.21
11.20
11.18
11.38
11.28
11.09
11.27
11.16
11.19
11.36
11.25
11.19
11.15
11.30
11.43
11.27
11.48
11.34
11.29
11.28
11.20
11.26
11.42
11.19
11.27
11.14
11.25
11.34
11.19
11.35
11.26
11.27
11.30
11.13
11.53
11.20
11.28
11.13
11.11
11.28
11.19
11.18
11.22
11.24
11.33
11.25
11.21
11.29
11.25
11.22
11.25
11.22
11.17
11.15
11.22
11.14
11.26
11.20
11.22
11.28
11.11
11.26
11.18
11.44
12.17
11.29
11.27
11.26
11.17
11.14
11.39
11.28
11.19
11.33
11.21
11.18
11.21
11.33
11.16
11.15
11.19
11.23
11.48
11.32
11.23
11.29
11.18
11.25
11.33
11.26
11.10
11.10
11.24
11.15
11.07
11.25
11.22
12.11
11.19
11.35
11.25
11.32
11.28
11.37
11.41
11.29
11.23
11.19
11.25
11.42
11.08
11.30
11.23
11.31
11.47
11.16
11.13
11.27
11.27
11.30
11.83
11.23
11.24
11.19
11.32
11.17
11.27
11.17
11.21
11.20
11.19
11.22
11.09
11.15
11.19
11.27
11.27
11.67
11.32
11.29
11.29
11.25
11.19
11.30
11.17
11.11
11.28
11.19
11.15
11.29
11.25
12.01
11.27
11.36
11.14
11.30
11.21
11.32
11.28
11.24
11.26
11.16
11.20
11.16
11.27
11.25
11.33
11.30
11.40
11.33
11.19
11.26
11.14
11.38
11.13
11.18
11.11
11.28
11.22
11.21
11.28
11.23
11.17
11.21
11.36
11.28
11.21
11.29
11.32
11.91
12.03
11.62
11.42
11.16
11.35
11.37
11.34
11.25
11.16
11.23
11.21
11.31
11.26
11.15
11.42
11.37
11.28
11.23
11.31
11.24
11.21
11.46
11.21
11.22
11.24
11.41
11.23
11.27
11.41
11.21
11.16
11.23
11.31
11.33
11.30
11.22
11.21
11.35
11.05
11.26
Resolver: