Resolver: Google https://dns.google.com/experimental
<<<<<<< HEAD
4.78
4.73
4.39
4.81
4.66
5.13
6.83
4.90
4.94
4.76
5.09
4.76
4.83
5.61
7.51
9.18
5.28
4.39
4.79
5.10
4.96
5.39
5.34
5.41
5.40
4.81
4.89
4.93
5.26
4.52
5.43
4.58
4.98
4.76
5.18
5.10
5.31
5.27
4.98
5.94
5.09
4.80
5.06
4.91
5.35
5.12
5.19
5.38
4.67
4.69
5.08
4.30
5.38
5.07
5.18
5.13
5.73
5.35
5.33
5.30
4.95
5.40
4.92
5.40
5.24
4.71
4.75
4.77
4.81
4.68
4.88
4.60
4.72
5.02
5.14
5.13
4.85
5.34
5.17
4.89
5.05
4.93
4.36
5.17
4.82
5.11
4.97
4.68
4.57
5.14
5.92
4.60
4.96
5.19
5.19
5.62
4.88
5.09
5.14
4.72
5.10
5.23
4.92
5.07
4.95
4.75
4.93
4.65
4.77
4.50
5.32
4.69
4.71
5.04
4.60
5.00
5.51
4.95
4.90
4.37
4.88
5.19
5.21
4.96
5.24
4.96
5.04
4.57
4.89
4.53
5.29
4.95
4.97
4.74
5.02
5.07
4.93
4.93
5.13
4.76
5.05
4.70
5.08
5.29
5.02
4.71
4.79
5.01
4.88
4.61
4.58
5.05
4.59
4.78
5.27
5.15
4.56
5.19
4.37
4.70
4.53
5.03
5.12
5.01
4.33
4.85
5.02
4.76
5.46
5.05
4.91
5.18
5.20
5.15
5.35
5.00
4.66
4.66
4.81
4.98
5.43
5.26
4.92
4.86
5.28
5.19
5.42
5.19
5.32
5.32
4.76
4.77
4.96
5.00
5.18
5.35
4.75
6.08
5.06
7.66
5.21
4.68
4.94
4.54
4.70
4.65
4.72
4.85
5.12
5.22
4.43
5.02
4.64
5.49
5.05
4.91
4.55
5.08
5.43
4.64
5.01
4.79
5.59
5.16
5.50
5.23
4.34
4.60
5.10
5.19
4.78
4.48
4.97
5.15
5.09
5.11
4.85
4.82
4.80
4.40
4.90
4.78
4.55
4.81
4.72
4.91
5.38
4.71
5.06
4.98
4.46
4.63
4.60
4.96
4.94
4.63
4.73
4.80
4.64
4.94
4.30
4.90
4.20
5.21
4.77
5.46
4.76
5.17
5.24
4.79
4.53
4.72
4.96
5.31
4.68
4.54
4.68
5.11
6.12
5.24
5.51
5.22
5.03
5.42
5.38
4.81
4.86
4.95
4.72
4.50
5.12
4.60
5.12
4.89
4.91
4.89
5.73
5.11
4.74
4.56
4.83
4.77
4.76
5.15
5.42
4.91
5.08
5.12
5.39
5.81
4.75
4.48
4.66
5.08
4.55
5.19
4.79
5.11
4.72
5.18
4.72
5.03
4.78
5.05
4.65
5.15
5.22
4.56
5.02
4.69
4.55
4.41
4.17
4.49
4.27
4.23
4.68
5.32
4.98
4.86
5.09
5.53
4.76
5.34
5.10
5.15
5.44
4.82
4.97
4.81
5.22
4.49
4.71
5.13
5.33
5.02
5.18
4.86
4.73
5.00
5.16
5.53
4.56
4.96
4.80
4.74
4.55
5.69
4.50
4.59
4.72
4.33
4.52
4.75
4.84
4.61
5.03
5.13
5.26
4.63
4.80
4.59
5.25
4.72
5.04
4.83
4.85
4.76
5.32
4.61
4.31
5.42
5.03
4.72
4.42
4.35
4.61
4.32
4.10
4.89
4.63
4.32
4.71
4.69
5.01
4.69
5.25
4.82
5.10
4.95
6.18
5.30
6.98
4.82
5.01
4.91
4.81
5.13
5.21
5.03
5.09
4.70
10.46
4.92
4.99
4.94
5.42
5.34
4.97
5.04
5.11
4.74
4.99
5.64
5.05
5.09
4.89
5.52
5.12
5.12
4.93
4.37
4.95
4.90
5.10
5.13
4.55
5.05
4.55
5.14
5.05
4.62
4.75
5.01
4.84
4.73
5.36
5.21
5.11
5.10
5.05
5.26
4.94
4.88
4.76
5.22
4.67
4.76
4.73
4.64
5.22
4.93
5.14
5.35
5.16
4.77
4.98
5.30
4.66
4.82
4.83
4.74
4.78
4.78
4.97
5.35
4.46
5.14
5.13
4.67
5.23
4.85
4.65
4.73
5.00
4.73
4.82
5.25
4.94
4.96
4.78
4.79
5.08
4.94
5.12
5.29
5.53
4.93
4.64
5.15
4.86
5.28
4.74
5.03
4.77
4.42
4.66
4.49
5.30
4.66
5.51
4.95
5.28
4.67
4.31
4.99
5.31
5.10
4.94
5.24
6.79
4.57
4.86
5.07
5.14
5.08
4.94
4.84
4.93
5.02
5.02
4.84
5.27
4.57
5.41
4.76
4.69
4.87
4.72
5.16
4.45
5.35
5.35
5.37
5.09
5.15
4.83
5.02
4.87
4.79
5.16
5.43
5.30
5.38
4.79
5.26
4.95
5.09
4.81
4.73
4.86
4.96
4.29
5.31
4.58
4.91
4.44
5.35
4.85
4.56
4.76
4.56
5.35
5.48
5.21
4.92
4.39
5.01
4.22
5.05
4.45
4.42
4.44
4.61
4.90
4.56
5.09
4.44
4.86
4.50
4.88
4.58
5.17
4.44
5.01
4.90
4.76
5.26
4.75
4.66
4.72
4.69
4.89
4.51
4.54
5.03
4.86
4.70
5.34
4.65
5.27
4.42
5.25
5.53
4.81
4.74
4.88
4.47
4.92
4.75
4.60
4.84
5.00
4.80
5.12
4.99
4.98
5.08
4.92
4.57
4.63
5.68
4.74
5.09
4.99
5.13
5.51
5.56
4.88
4.52
4.85
5.34
4.47
4.90
5.39
5.09
4.73
4.69
6.96
5.04
5.26
4.91
5.02
4.69
5.28
4.81
4.70
5.05
5.02
4.57
4.50
4.96
4.51
4.81
5.35
4.20
4.65
4.32
12.61
4.89
4.84
4.68
5.42
5.29
5.02
5.27
4.95
4.69
4.64
4.73
4.85
4.82
4.70
5.48
4.60
4.60
4.79
4.66
4.56
4.66
4.71
4.83
4.91
4.58
5.06
5.21
4.55
5.10
4.30
5.40
5.33
4.85
4.77
4.74
4.97
4.41
4.68
4.45
5.01
4.69
4.74
4.85
4.76
4.65
4.99
4.86
5.22
4.75
4.49
4.70
4.98
4.85
5.18
4.32
4.64
4.81
5.29
5.36
4.82
5.05
5.45
4.74
4.75
5.32
5.13
5.03
4.65
4.68
4.82
4.95
4.88
4.92
4.68
5.01
5.02
5.30
4.73
4.67
5.13
5.14
5.32
4.79
5.34
5.26
4.97
4.86
5.15
5.02
4.62
4.42
4.24
4.94
4.93
5.65
4.84
4.76
4.63
4.48
4.56
4.86
4.44
4.97
4.88
5.15
5.01
4.59
5.03
5.67
5.50
4.65
5.07
5.14
5.07
4.52
4.72
4.75
4.66
4.40
5.18
4.61
5.28
4.71
4.99
4.49
5.69
4.61
5.03
4.61
5.48
4.95
5.41
4.93
5.03
4.88
4.72
4.20
4.55
4.72
4.46
4.56
4.80
4.69
4.71
5.27
5.00
4.93
4.92
5.03
4.73
5.05
5.59
5.24
4.88
5.04
5.27
4.76
4.72
5.22
5.26
5.32
5.06
4.39
4.94
4.89
4.58
4.76
4.80
4.45
4.75
5.19
4.49
4.62
4.37
4.74
5.39
4.89
5.55
5.18
4.69
5.03
4.81
4.87
4.71
4.71
4.98
4.67
4.83
4.77
5.41
4.73
5.11
4.62
4.88
4.99
4.85
5.09
4.90
5.05
4.93
4.50
4.77
4.96
5.23
4.33
5.14
4.75
4.44
4.66
4.66
5.13
4.99
4.71
5.05
4.89
5.13
4.44
5.00
4.84
5.14
5.31
4.95
4.47
4.78
4.59
4.73
4.42
4.36
5.09
5.68
5.00
5.31
4.71
4.78
5.04
4.93
5.13
4.95
4.87
5.31
4.73
4.74
5.01
4.60
4.58
4.59
4.66
5.23
4.66
5.05
5.08
5.37
4.65
4.87
5.00
4.57
4.67
4.71
5.12
5.25
4.91
4.46
5.34
4.73
5.32
4.94
4.48
4.97
4.55
4.79
4.66
5.15
4.92
5.05
4.43
4.80
4.83
4.86
5.17
5.05
4.90
5.03
5.33
5.37
5.20
4.83
4.69
5.03
4.78
Resolver: Cloudflare https://cloudflare-dns.com/dns-query
5.55
5.55
5.90
5.89
5.75
5.74
5.74
5.97
5.50
5.51
5.87
6.02
5.37
5.98
5.45
5.76
5.61
6.18
5.81
5.74
5.86
5.94
5.99
5.57
5.79
5.76
5.62
6.53
5.66
5.29
5.91
5.67
5.99
5.51
5.84
5.90
5.54
6.07
5.55
5.71
5.75
5.92
5.63
5.57
5.96
5.66
5.45
5.52
5.44
5.85
5.88
5.28
5.78
6.07
5.56
5.84
6.78
5.64
5.72
5.65
5.82
6.00
6.51
5.99
5.66
5.50
5.74
5.85
5.78
5.44
5.91
5.91
5.72
5.71
6.18
5.50
5.82
5.95
6.05
6.04
5.71
5.53
6.31
5.73
6.54
5.97
5.71
5.52
5.61
5.67
6.27
5.77
5.30
6.24
5.68
5.48
6.04
5.21
5.76
5.93
6.60
5.59
5.48
6.18
5.26
6.14
5.80
5.28
5.77
5.69
5.69
5.86
6.25
6.37
5.94
6.18
5.63
5.73
6.04
5.85
6.09
5.68
5.71
5.76
5.73
5.62
5.94
6.15
6.59
5.79
5.61
5.57
5.49
5.49
5.40
5.68
5.60
5.96
5.70
5.71
5.74
6.67
6.03
5.86
5.46
6.02
5.25
5.64
5.57
5.67
5.87
5.69
5.76
6.21
5.31
5.55
5.59
5.09
5.40
5.51
5.95
5.46
5.63
6.04
5.65
5.88
5.68
5.63
5.37
5.78
5.25
5.54
5.44
5.22
5.59
5.56
6.13
5.65
6.46
6.01
6.72
5.37
6.47
5.66
5.86
9.33
6.08
5.77
6.04
5.67
5.57
5.44
5.62
5.77
6.11
5.63
6.04
5.80
5.67
5.82
5.65
5.70
5.80
5.53
5.48
6.13
5.29
5.81
5.73
5.39
5.58
5.67
5.80
6.00
6.03
5.74
5.55
5.81
6.14
5.53
5.78
5.59
5.78
5.40
5.67
6.02
5.37
5.31
5.68
5.49
5.73
5.21
5.49
6.31
5.72
14.82
6.60
6.06
5.55
6.30
5.40
5.66
5.26
5.96
5.69
6.16
5.63
6.01
5.68
6.19
5.41
5.82
6.02
5.50
5.48
6.05
5.81
5.89
5.41
5.96
5.44
5.34
5.62
5.68
5.48
5.66
5.55
6.07
5.88
5.31
6.07
5.95
5.60
5.99
5.49
5.82
5.71
5.88
6.09
5.78
5.48
5.63
5.87
5.91
5.57
5.73
5.89
5.94
5.48
5.55
5.62
5.58
5.85
5.40
5.93
5.87
5.90
5.22
5.64
5.44
5.71
5.59
5.46
5.33
5.69
5.74
5.80
5.89
5.44
5.68
5.54
6.13
5.64
5.51
5.84
5.62
5.46
5.33
5.43
5.75
5.77
5.85
5.42
5.62
5.48
5.69
5.76
6.18
5.93
5.55
5.57
6.31
5.74
5.79
5.26
6.27
5.22
5.94
5.68
6.39
5.76
5.56
6.34
6.07
5.90
5.45
5.76
5.67
5.74
5.63
5.74
5.92
5.47
6.04
5.89
5.82
5.66
5.96
5.48
5.80
5.75
5.60
5.15
5.25
5.77
6.06
5.66
5.27
5.13
5.56
5.48
5.89
5.43
5.49
5.36
5.82
5.97
5.60
5.56
5.56
6.11
5.90
5.89
6.63
5.42
5.94
5.91
5.42
5.86
6.01
5.47
6.03
5.66
5.53
5.73
5.63
5.80
5.49
5.94
5.84
5.65
5.54
5.63
5.56
5.89
5.38
5.80
5.46
5.93
6.12
5.71
5.90
5.91
5.28
5.81
5.84
6.01
7.19
6.20
5.74
6.35
6.07
6.22
5.65
5.64
5.31
5.27
5.54
6.01
5.65
5.56
5.66
5.84
5.25
5.98
5.53
6.05
5.40
5.60
5.48
5.90
5.98
5.68
5.83
5.66
5.57
5.66
6.16
6.15
5.16
6.06
5.83
5.95
5.11
5.65
5.62
5.28
5.93
5.20
5.90
5.85
5.66
5.73
5.94
5.89
5.97
6.07
5.83
6.47
5.64
5.69
5.70
5.58
5.64
6.10
6.26
5.57
6.25
5.59
5.78
5.62
5.59
5.71
5.51
5.96
5.48
5.64
5.87
5.71
5.74
5.88
5.53
5.72
5.85
5.37
6.01
5.60
5.71
5.45
5.54
5.81
5.31
6.03
6.55
6.22
5.69
6.39
5.81
5.70
6.13
5.69
5.88
5.97
5.39
5.44
6.33
5.57
6.20
5.61
5.57
5.42
6.14
5.45
5.85
5.60
6.00
5.66
5.54
5.51
5.36
5.91
5.80
5.24
5.49
5.77
5.56
6.22
5.70
5.99
5.51
5.93
5.33
5.11
5.79
5.82
5.38
5.26
5.54
5.79
6.09
6.11
5.82
5.76
6.48
5.54
5.64
5.75
5.58
5.56
5.78
5.64
5.52
5.72
5.59
5.63
5.76
5.49
5.41
5.89
5.54
6.80
5.81
5.70
5.56
5.46
5.56
5.72
5.61
5.72
5.84
5.47
6.54
6.18
6.55
5.74
5.64
6.06
5.54
5.83
5.66
6.30
5.65
5.87
5.70
5.84
5.97
6.05
5.41
5.44
5.78
6.16
5.60
5.61
6.43
6.06
5.85
5.62
5.53
5.81
5.35
5.30
5.71
5.55
5.68
5.44
6.01
5.40
5.39
6.11
5.75
5.84
5.83
6.22
5.13
5.85
5.28
6.21
5.32
5.77
5.52
5.92
5.67
5.92
5.37
5.41
6.01
5.65
5.68
5.92
5.08
5.61
5.66
5.59
6.10
5.43
5.96
5.62
5.86
6.02
5.67
5.82
5.97
5.25
6.04
5.37
5.32
5.71
5.40
6.09
6.08
6.47
5.94
6.24
5.93
5.71
5.62
5.53
5.56
5.76
5.56
6.13
6.21
5.77
5.60
5.57
6.07
5.69
5.58
5.62
5.44
5.93
5.89
6.08
5.98
5.93
5.85
5.68
5.96
5.70
5.49
5.13
5.29
5.30
5.80
5.89
5.41
5.69
5.21
5.72
5.74
6.07
5.65
5.67
5.98
5.32
5.51
6.19
5.87
5.91
5.41
6.21
5.72
5.77
5.77
5.51
6.02
5.39
5.43
6.43
5.39
5.81
5.85
5.62
6.08
5.99
5.55
5.39
5.76
6.02
5.67
5.63
6.08
5.83
5.67
5.82
5.68
5.52
5.48
5.44
6.22
5.53
6.12
5.58
5.73
5.78
6.26
6.08
5.24
5.77
5.72
5.72
6.51
6.28
5.53
5.80
5.91
5.44
5.77
5.55
5.77
5.88
5.62
5.46
5.70
5.64
5.83
6.00
5.69
5.53
5.76
5.61
6.06
5.69
5.60
5.67
5.69
5.91
5.26
5.46
5.67
5.56
5.94
5.32
6.02
5.67
5.70
5.86
5.35
6.12
5.59
5.42
6.03
5.45
5.80
5.38
5.79
5.61
5.87
5.89
6.16
5.59
5.95
5.60
5.44
5.85
5.78
5.44
6.02
5.53
6.79
5.68
5.18
5.47
5.53
5.71
5.52
5.97
5.89
6.04
6.03
5.65
5.60
5.97
5.71
6.16
5.97
5.92
5.75
5.81
5.68
5.45
5.54
5.87
5.45
5.30
5.54
5.90
6.23
5.87
5.57
5.80
5.73
5.54
5.58
5.73
5.99
5.75
5.70
5.72
5.24
5.58
5.59
5.69
5.52
5.62
5.51
5.32
5.75
5.29
5.90
5.78
5.55
5.57
5.75
5.74
5.79
5.64
5.66
5.56
5.51
5.58
6.70
5.21
5.70
5.44
5.57
5.48
5.42
5.62
5.37
6.64
5.73
6.01
5.98
5.58
5.91
5.39
5.69
5.37
5.23
6.47
5.54
5.65
6.04
6.25
6.44
6.06
5.81
6.09
5.93
5.46
6.00
5.64
5.81
5.69
5.59
6.22
5.69
5.64
5.48
5.89
6.24
7.07
5.97
5.49
5.52
5.47
5.56
5.61
5.41
5.98
6.88
5.61
5.83
5.70
5.76
5.62
5.82
6.26
6.22
5.48
5.67
6.05
5.48
5.52
5.51
6.12
5.98
6.02
5.66
5.55
5.91
5.58
5.41
5.85
5.62
5.87
6.07
5.72
5.62
5.75
5.81
5.69
6.02
5.50
5.84
5.68
5.61
6.00
5.62
5.55
5.46
5.57
5.63
5.44
Resolver: CleanBrowsing https://doh.cleanbrowsing.org/doh/family-filter/
5.52
5.77
6.08
6.00
5.55
5.29
5.53
6.20
5.75
5.34
5.41
5.60
5.75
6.44
5.20
11.80
5.13
5.70
7.14
6.50
7.19
5.71
6.00
5.43
5.58
6.00
6.09
6.25
9.02
7.79
6.87
5.89
6.20
5.96
5.90
6.40
5.42
5.72
6.98
4.99
5.12
5.87
6.07
5.91
5.73
6.15
5.97
6.42
7.32
8.43
7.36
8.81
5.66
7.07
6.22
9.09
5.70
5.98
5.94
6.10
13.86
7.29
5.89
5.67
5.47
5.16
5.89
5.94
5.91
5.74
6.52
6.89
5.57
6.25
7.06
5.60
5.77
6.29
9.78
6.09
8.53
6.17
5.69
7.33
6.82
5.48
5.61
5.46
5.36
6.34
9.25
5.81
5.96
8.02
5.59
5.49
5.46
5.41
5.45
5.67
6.42
5.58
6.78
6.34
5.27
5.52
7.70
11.40
8.95
6.30
5.35
11.10
5.93
5.45
10.84
5.84
5.80
5.96
6.13
5.54
5.66
6.87
6.57
5.68
6.49
5.66
5.60
5.79
5.25
5.07
6.67
6.22
5.16
5.71
5.49
5.76
11.35
6.58
12.91
4.96
9.80
6.56
6.12
6.53
11.07
5.47
6.71
7.15
8.53
10.04
17.49
15.41
13.22
5.78
6.46
5.50
6.22
16.44
11.42
8.84
8.72
6.51
8.36
4.61
5.38
5.35
5.96
6.14
5.84
6.14
5.52
6.14
6.11
5.56
6.19
6.48
6.31
5.83
5.88
10.96
11.28
5.50
5.69
11.97
9.19
14.19
11.83
9.01
12.36
8.28
17.97
7.87
15.45
8.45
11.06
19.39
19.60
7.83
6.58
8.84
9.13
6.11
7.27
6.41
8.75
5.63
5.60
6.28
6.43
5.96
5.71
6.48
8.27
8.58
5.76
7.74
5.97
5.24
9.15
5.90
6.07
5.75
6.04
5.31
6.70
6.14
9.47
6.34
5.88
5.35
5.19
5.34
5.52
6.34
5.59
6.50
5.66
5.13
5.79
5.96
6.91
6.07
5.37
5.73
5.74
5.09
5.55
5.81
5.94
5.50
6.38
6.17
5.80
6.06
7.96
5.83
5.46
5.83
5.77
5.51
5.53
6.12
5.90
6.28
5.87
5.98
5.75
5.37
5.85
5.80
6.14
6.04
6.04
5.04
5.71
6.17
5.18
5.50
5.88
6.41
5.80
5.41
6.12
5.99
6.75
5.47
5.07
5.40
5.58
5.72
5.93
6.25
5.50
5.69
6.05
6.70
5.75
5.38
5.69
5.58
5.61
5.66
6.32
5.00
5.74
6.03
5.76
6.21
8.19
6.77
6.42
5.30
5.67
5.09
6.72
6.09
6.28
5.41
5.81
5.16
6.30
5.83
6.02
5.50
6.30
5.81
5.85
5.69
5.99
5.47
6.47
5.87
5.83
6.49
6.26
5.73
6.43
6.26
5.89
8.16
6.31
5.95
12.57
11.60
6.23
4.71
5.76
6.04
5.87
5.84
5.61
6.14
6.51
5.08
5.50
6.23
6.66
5.67
5.73
5.85
5.78
6.02
5.83
6.40
6.52
5.74
5.98
6.21
6.25
6.30
6.27
6.39
6.05
6.08
5.81
5.58
5.93
9.15
5.39
5.63
6.69
5.62
5.33
5.94
5.64
5.88
5.06
6.25
5.25
5.25
10.07
5.70
6.80
6.83
6.11
5.29
6.36
6.05
5.27
5.98
5.89
5.90
5.38
5.40
5.65
5.70
5.65
5.14
5.51
6.17
5.55
5.64
5.49
5.59
5.81
6.06
5.69
5.27
5.81
5.71
6.60
6.16
5.11
5.34
5.51
6.78
6.24
5.78
6.26
5.58
6.05
5.28
5.81
6.03
5.19
5.52
6.32
5.89
6.11
5.44
6.22
5.05
6.38
6.11
5.09
4.97
7.85
5.76
5.82
6.41
6.12
4.88
6.46
6.08
6.75
6.34
8.62
5.95
5.87
6.23
5.05
5.91
5.87
6.31
5.64
5.47
6.11
6.11
5.42
5.02
6.01
8.01
5.89
5.86
7.77
5.70
4.99
5.45
6.22
5.92
5.46
8.25
9.40
8.06
6.24
5.45
5.17
5.97
5.03
4.84
6.18
5.82
6.89
5.66
5.78
6.31
6.03
9.70
7.22
5.92
12.01
6.26
6.55
6.26
4.90
9.51
8.63
6.31
6.05
5.45
6.30
4.99
10.25
8.51
17.08
9.50
5.64
7.78
6.06
5.52
5.65
6.24
8.32
7.51
5.73
6.02
5.89
5.83
5.22
5.55
9.07
9.04
6.16
11.89
6.44
7.51
6.82
5.66
5.80
7.36
5.14
10.11
6.42
5.88
9.76
5.76
5.58
7.10
5.92
5.12
7.37
5.32
5.54
4.99
5.82
4.85
5.84
5.94
5.94
5.89
6.49
5.85
5.67
6.44
5.79
14.20
6.15
5.59
6.04
5.13
6.20
5.66
6.07
5.98
5.29
5.84
5.74
5.71
5.66
15.29
8.37
5.65
6.44
5.75
6.14
5.96
5.99
5.42
5.79
6.07
5.78
5.17
6.42
5.67
5.65
5.77
5.38
5.25
5.59
5.87
6.83
5.45
5.81
5.77
5.04
5.48
5.32
6.19
5.67
5.48
5.63
6.00
6.19
6.10
6.01
4.89
9.51
6.92
5.55
6.44
5.62
5.76
13.19
7.53
10.30
11.35
10.27
6.16
6.07
5.61
5.37
10.95
8.82
5.20
15.35
6.58
9.66
6.45
6.27
8.28
15.46
7.66
10.69
10.66
13.14
10.97
6.62
5.17
7.63
5.22
5.73
5.32
5.25
6.44
6.49
5.86
6.07
5.70
5.77
5.96
5.65
5.36
4.99
5.35
5.68
9.62
8.01
7.76
6.36
8.42
5.20
6.00
8.67
5.74
5.59
6.69
5.68
7.11
6.86
5.78
5.92
5.96
7.16
5.60
9.69
10.40
12.63
6.28
6.24
5.98
5.65
5.44
6.29
4.85
7.05
5.56
5.89
6.32
9.37
6.03
5.36
5.59
5.84
5.47
5.90
5.90
5.85
5.83
5.31
10.87
5.73
5.65
5.27
5.55
5.46
5.59
6.11
6.08
6.33
5.51
5.61
5.40
5.73
5.76
7.50
5.90
5.39
4.56
6.50
8.95
7.17
5.97
5.43
6.24
5.69
6.18
5.65
5.40
6.95
6.04
5.68
5.64
6.20
6.01
5.75
7.14
5.99
5.79
5.47
6.64
6.19
5.91
5.60
6.08
9.17
8.74
9.90
7.24
5.03
5.93
7.24
6.06
5.66
6.59
5.90
8.76
5.88
5.33
5.58
5.79
5.25
5.80
7.46
8.67
6.96
5.94
5.55
6.51
5.19
6.24
6.03
5.71
6.09
5.89
6.32
5.59
5.41
6.05
5.98
7.67
6.63
5.39
5.07
5.77
5.16
5.35
6.14
5.34
8.29
5.18
5.34
6.51
5.78
5.78
5.63
5.96
5.85
5.42
8.18
7.44
6.27
5.43
5.36
5.64
5.84
5.99
6.04
5.36
6.58
5.84
5.25
5.00
5.48
5.22
5.93
5.83
5.05
5.66
5.63
6.28
5.69
5.45
12.36
6.28
10.04
5.98
5.37
5.18
6.10
7.39
5.44
5.13
10.92
6.69
5.63
5.41
6.00
5.76
5.27
5.72
8.07
5.97
5.36
5.22
5.52
5.09
5.60
5.07
10.26
6.40
5.10
5.47
5.26
6.83
5.01
5.40
5.76
5.60
10.88
7.80
5.33
46.47
6.95
5.83
5.74
5.68
6.79
5.55
6.36
5.87
9.76
14.01
8.20
7.47
8.21
7.57
5.66
6.96
5.47
5.63
8.05
8.50
8.15
5.54
6.20
5.62
5.69
5.53
5.99
5.62
5.49
6.00
5.89
5.83
7.68
10.28
5.67
7.14
6.19
6.41
6.20
8.63
5.52
5.78
6.06
5.45
6.00
5.65
6.35
5.25
5.99
5.80
7.51
6.10
5.98
6.05
5.92
5.85
5.96
5.89
5.32
6.04
5.62
5.95
8.96
7.60
5.67
5.80
5.30
5.25
5.45
5.82
6.45
7.16
6.66
6.94
5.34
5.78
5.80
5.91
5.58
6.86
6.08
6.64
6.09
5.29
5.54
5.74
5.77
5.71
4.99
Resolver: blahdns.com_Japan https://doh-jp.blahdns.com/dns-query
5.08
5.28
5.09
4.69
5.11
5.29
5.28
5.07
5.05
5.79
5.06
4.75
5.49
4.96
5.49
5.47
4.97
5.17
5.17
5.56
5.11
5.06
5.06
5.08
5.10
4.89
5.11
5.70
5.05
4.80
5.05
4.80
5.19
5.20
5.29
6.01
5.15
5.40
4.77
5.26
4.98
5.23
5.09
5.64
5.11
5.31
4.91
4.81
4.87
5.53
5.15
5.20
5.52
5.38
5.19
5.48
5.37
5.64
5.00
4.97
4.83
5.19
5.16
5.41
4.74
5.12
4.94
5.29
5.18
5.09
5.70
5.39
4.67
4.82
4.95
5.18
4.80
7.21
4.95
4.97
5.11
4.99
6.18
5.03
5.07
5.04
5.37
5.01
5.48
5.00
5.36
4.79
5.40
5.33
5.01
5.03
4.98
5.17
4.94
5.89
4.79
5.31
5.23
5.06
6.81
5.14
5.21
5.57
5.25
4.60
5.48
5.22
5.01
5.27
5.08
5.44
5.37
5.27
5.35
5.02
4.78
5.33
5.06
5.29
5.35
5.56
5.50
5.23
5.17
4.86
5.50
5.43
5.49
5.41
5.27
5.14
5.28
5.31
5.16
5.03
5.19
4.97
4.88
5.38
4.88
5.41
5.24
4.78
5.35
5.99
5.01
5.02
4.89
5.00
5.49
5.60
5.67
4.94
5.06
4.73
4.97
5.21
5.27
5.43
5.18
5.48
5.16
4.87
5.44
5.24
5.22
4.97
4.76
5.27
5.02
5.06
5.01
4.84
4.82
5.76
5.04
4.85
5.13
5.37
5.03
5.50
4.98
5.29
5.14
4.65
5.26
5.09
6.16
5.07
5.19
5.21
4.81
4.85
5.23
4.92
5.11
5.00
4.77
5.41
5.33
5.21
5.43
5.39
6.08
5.09
5.28
5.28
5.40
5.04
4.87
5.31
5.14
4.94
5.57
4.95
5.27
5.23
5.29
6.07
4.76
5.77
5.31
5.04
5.04
5.03
5.47
5.13
4.74
5.05
5.14
5.11
5.04
5.15
5.04
4.81
4.84
4.98
4.93
5.13
5.14
5.49
5.02
5.39
5.10
5.15
5.01
5.42
5.10
7.93
5.06
5.08
5.45
5.07
5.24
5.00
5.12
5.03
4.97
5.08
4.99
5.10
4.83
5.47
4.89
5.40
5.21
5.48
5.36
5.20
5.18
5.20
5.03
5.24
4.78
5.03
5.27
5.22
5.11
5.00
5.17
4.89
4.67
5.22
5.10
5.56
5.23
4.94
5.18
4.75
5.15
4.91
4.39
5.25
4.98
5.09
5.58
5.42
5.24
4.90
5.35
4.94
5.47
5.06
4.99
5.35
5.21
5.38
5.05
5.11
6.12
5.15
5.05
5.46
4.91
5.06
4.71
5.71
5.26
4.59
5.01
5.51
5.39
5.26
5.25
4.94
5.04
5.80
4.97
4.79
5.20
5.20
5.00
5.18
5.51
4.73
5.46
5.69
5.11
5.03
5.13
5.22
5.12
5.19
5.35
5.30
4.96
5.20
4.93
5.50
4.93
4.56
5.01
5.21
5.20
4.94
4.98
5.16
4.98
5.68
5.24
5.15
5.61
4.63
5.09
4.81
5.02
5.40
5.29
4.95
4.70
5.08
5.71
5.45
5.15
4.97
4.84
5.29
5.27
5.33
4.98
5.00
5.02
5.08
5.22
5.31
5.07
5.04
5.45
5.06
5.33
5.60
5.66
6.00
5.62
5.07
5.27
4.88
5.28
5.04
5.39
4.72
4.66
5.22
4.96
5.26
5.24
4.98
5.13
5.08
5.31
5.61
4.89
5.25
5.24
5.16
5.74
4.53
5.08
4.99
4.93
4.88
5.18
4.77
5.07
5.34
5.24
5.24
5.70
4.88
4.71
5.60
5.18
5.33
5.20
5.39
5.64
5.35
4.76
4.64
4.91
5.25
5.26
5.16
5.31
5.53
5.33
4.78
5.36
4.40
5.44
5.03
4.92
5.01
7.87
5.31
6.31
5.27
4.76
5.09
5.52
5.00
4.87
5.38
5.25
5.26
5.22
5.09
5.32
4.63
5.05
5.09
5.36
5.37
5.23
4.87
5.03
5.03
5.47
5.02
5.21
5.07
4.96
5.06
5.61
5.39
5.03
5.12
4.81
4.79
4.98
5.03
5.29
5.46
4.77
5.08
5.36
5.44
5.07
4.84
4.96
5.17
4.95
5.35
5.40
4.72
5.91
5.11
5.47
5.07
5.38
5.26
4.95
4.78
4.85
5.35
5.09
5.21
5.11
5.13
5.15
5.16
5.53
5.59
5.01
5.39
5.25
4.75
5.72
4.87
5.09
5.30
4.99
4.87
5.39
4.93
5.20
5.38
5.07
4.77
5.24
4.91
5.41
5.56
4.75
5.11
4.79
5.45
4.96
5.10
5.27
4.60
5.46
5.10
5.09
4.89
4.81
4.90
5.34
5.18
5.07
5.48
5.32
5.19
5.08
5.91
5.20
5.21
4.83
5.28
5.04
5.23
8.00
5.38
4.87
5.31
5.00
4.89
5.02
5.44
5.35
5.28
5.01
4.99
4.77
4.97
5.02
4.75
4.97
4.99
5.14
4.67
5.79
5.16
5.24
5.11
4.80
5.32
4.97
5.13
5.38
5.24
5.48
4.98
5.21
5.35
4.72
5.03
5.11
5.36
5.10
5.23
5.09
5.53
5.40
5.37
5.14
5.13
5.08
5.62
5.39
5.16
4.95
4.82
4.87
4.96
5.13
5.23
5.18
5.13
5.51
5.51
5.29
4.77
5.02
5.21
5.23
5.20
5.47
4.83
5.51
5.01
4.81
5.38
5.11
5.14
4.80
5.56
4.97
5.49
5.13
5.59
5.14
4.72
5.12
5.51
4.82
6.23
5.11
5.35
5.42
5.01
5.02
5.05
4.78
5.15
5.07
5.11
4.92
4.94
5.45
5.53
5.45
5.51
5.04
4.92
5.30
5.22
5.42
5.51
5.03
5.29
5.08
5.49
4.97
4.88
5.02
5.22
5.22
4.69
4.33
4.98
4.68
5.51
4.83
4.83
5.35
5.37
5.21
4.63
5.29
5.57
4.94
5.51
5.45
5.09
5.27
5.24
4.99
4.94
5.41
5.35
4.76
5.04
4.84
5.36
5.35
5.11
5.02
5.28
4.88
5.43
5.41
5.28
4.98
5.64
5.59
5.45
5.51
5.18
5.22
5.17
5.36
5.12
5.05
5.06
5.52
5.09
5.28
5.20
4.93
5.45
5.55
5.30
5.43
5.06
5.37
4.99
5.47
5.12
5.15
5.18
5.28
5.46
5.45
5.44
5.20
5.66
5.01
5.07
4.84
5.21
4.97
4.88
4.80
5.08
5.15
4.73
5.65
5.07
5.19
4.65
5.38
5.21
5.12
5.24
4.93
5.53
4.90
5.22
5.48
4.83
5.10
5.48
5.09
5.28
5.20
5.11
5.79
5.20
4.70
5.51
4.83
5.58
4.99
5.20
5.16
5.40
5.12
4.67
5.24
5.47
5.42
5.10
5.66
5.56
5.84
5.20
5.19
5.20
4.85
5.91
5.08
4.58
5.35
5.38
4.77
5.45
5.70
4.95
4.95
5.04
5.44
4.99
5.12
5.51
5.36
5.18
6.26
5.21
5.15
4.90
4.81
5.07
5.21
5.09
5.35
5.66
4.93
4.84
5.28
5.36
4.92
5.32
4.95
5.50
5.05
5.12
5.29
5.05
5.05
4.90
5.14
4.93
4.89
5.79
5.16
4.62
4.85
4.82
5.40
4.82
5.21
5.17
5.13
5.36
5.22
5.49
5.45
4.99
5.17
5.02
5.04
5.20
5.02
5.20
5.15
5.33
5.68
4.91
5.54
5.33
5.38
5.04
4.97
5.48
5.34
4.75
5.18
5.43
5.18
5.35
5.38
5.63
4.71
4.81
5.09
5.01
5.24
5.42
5.33
5.32
5.39
5.09
5.62
4.87
4.82
5.25
5.22
4.77
5.06
5.14
5.26
5.06
4.99
5.18
4.90
5.19
4.84
4.87
5.63
5.46
5.12
5.36
4.93
5.25
5.46
4.81
5.00
5.28
4.61
5.07
4.95
5.32
5.03
5.38
5.10
5.09
5.26
4.96
5.16
5.38
5.45
5.17
4.69
5.32
4.98
5.19
4.81
4.40
5.27
5.39
5.40
5.42
5.27
5.01
5.19
Resolver: blahdns.com_Germany: https://doh-de.blahdns.com/dns-query
4.48
4.84
4.45
4.89
4.86
5.15
4.76
5.35
4.94
4.90
4.55
4.82
4.49
4.54
4.77
4.44
4.51
4.88
4.67
4.65
4.70
4.72
4.64
4.99
4.91
4.75
4.74
4.71
4.94
4.34
4.57
4.62
4.58
4.43
4.80
4.65
5.22
5.30
4.98
4.94
5.03
4.67
4.44
5.06
4.69
4.56
4.88
4.87
4.71
4.70
5.17
4.94
4.80
4.49
4.94
4.58
5.16
4.93
5.10
5.00
5.08
4.60
4.65
4.57
4.77
4.58
4.36
4.60
4.99
4.78
4.90
5.12
4.51
4.72
5.27
4.67
5.09
4.73
4.86
4.75
4.65
4.65
4.45
4.51
4.74
4.65
4.67
4.90
4.41
4.68
4.51
4.64
4.80
4.55
4.59
4.41
4.96
4.44
4.67
4.78
4.51
4.58
4.63
4.81
4.94
4.66
4.54
4.36
4.48
4.61
4.56
4.86
4.78
4.73
4.81
4.64
4.53
4.78
4.53
4.54
4.90
4.85
4.44
4.93
4.57
4.41
4.33
5.15
5.11
4.39
4.56
5.04
4.30
4.75
4.50
5.00
5.12
4.79
4.84
4.68
5.04
4.98
4.93
4.91
4.70
5.15
4.64
4.90
4.61
4.22
4.49
4.54
4.69
4.64
4.44
4.35
4.74
4.95
4.57
4.49
4.83
4.71
4.71
4.38
4.96
4.53
4.77
5.11
4.76
4.79
4.34
4.95
4.26
4.70
4.72
4.72
4.97
4.83
4.55
5.28
5.30
4.93
8.14
4.60
4.59
5.03
4.79
4.82
5.02
5.03
4.28
4.67
4.52
4.46
4.41
4.50
4.75
5.05
4.53
4.84
5.18
4.99
4.61
5.06
4.56
4.91
4.62
5.19
4.99
4.53
4.47
4.53
4.50
4.91
4.78
5.15
4.45
4.99
4.90
5.20
5.15
4.84
5.06
5.14
4.96
4.87
4.53
4.53
4.37
4.86
4.81
4.85
4.79
4.88
5.35
4.48
4.42
4.76
4.62
5.03
4.85
4.91
4.58
4.73
4.87
4.49
4.59
4.39
4.45
4.90
5.10
4.40
5.14
4.82
4.97
4.50
4.52
4.88
5.49
4.81
4.71
4.76
4.75
4.97
4.74
5.39
4.29
4.56
4.53
4.94
4.66
5.02
4.66
4.79
4.72
4.73
4.58
5.16
4.70
4.99
4.55
4.53
4.92
4.94
5.02
4.61
4.61
4.53
4.69
4.72
4.54
4.96
4.77
4.50
4.97
4.72
4.27
4.50
4.96
5.34
4.35
4.74
5.04
4.91
4.55
4.77
4.81
5.30
4.51
4.77
4.78
5.15
4.67
4.97
4.65
4.79
4.65
4.80
4.89
5.11
4.71
4.55
4.69
4.45
5.07
4.63
4.63
4.70
4.98
4.99
4.78
4.58
4.81
4.83
4.71
4.71
4.58
5.11
4.69
5.03
5.12
4.53
4.82
5.05
4.46
4.55
5.06
4.67
5.20
4.92
4.69
5.00
4.52
4.38
4.19
4.81
4.69
4.40
4.90
4.25
4.62
4.65
4.95
4.63
4.78
4.70
4.70
4.75
4.53
4.82
4.55
4.61
4.89
4.77
4.76
5.02
4.96
4.90
4.72
4.90
4.59
4.65
4.55
4.85
4.76
4.84
4.49
4.72
4.77
4.52
4.51
4.60
4.81
4.57
4.67
5.36
5.00
4.56
4.93
5.04
4.85
4.67
4.59
4.55
4.67
4.53
4.78
5.10
4.59
4.77
4.68
4.71
5.14
4.50
4.45
4.56
5.05
4.65
4.52
4.46
5.67
4.52
5.06
4.70
4.69
4.72
4.45
4.53
4.40
4.55
4.45
4.75
4.58
5.29
4.69
4.72
4.79
4.87
5.10
4.17
4.76
4.22
4.78
4.74
5.53
4.44
4.65
4.44
4.49
4.47
4.68
5.13
4.28
4.38
4.80
4.71
5.07
4.36
4.76
4.26
4.63
4.78
4.98
4.94
5.66
5.21
4.58
4.40
4.79
4.81
4.65
4.88
4.64
4.66
4.51
4.72
4.75
4.58
4.55
4.74
4.73
4.39
5.06
4.79
6.46
4.75
4.87
4.75
4.58
4.50
4.40
4.72
5.13
4.74
4.48
5.00
4.97
4.44
5.00
5.40
4.63
4.55
4.51
4.52
5.09
4.99
4.86
4.91
5.11
4.49
4.98
4.69
4.90
4.26
4.67
4.94
4.46
4.52
4.48
4.63
4.47
4.70
4.90
4.95
4.57
5.27
4.83
5.14
4.56
4.48
5.11
4.63
4.96
4.67
4.61
5.32
4.66
4.56
4.48
4.90
5.11
5.09
4.43
4.95
5.20
4.19
4.40
4.83
4.70
4.87
4.57
4.59
4.89
5.05
4.93
4.45
4.41
4.68
4.50
4.95
4.41
5.20
5.30
4.80
4.88
4.62
4.40
4.41
4.66
4.51
5.29
4.99
4.77
5.47
4.82
4.89
4.98
4.75
5.00
4.78
4.71
4.67
4.41
4.68
4.65
4.96
5.27
4.50
4.58
4.10
4.70
4.63
4.66
4.41
5.17
4.59
5.16
4.63
10.04
4.77
4.37
4.95
4.41
4.65
4.68
4.57
4.34
4.64
4.69
4.73
4.51
4.87
5.11
4.66
4.58
4.90
4.82
4.85
5.23
4.72
4.29
4.84
4.78
4.69
4.74
4.67
5.01
4.68
4.58
4.35
4.99
4.68
4.82
4.82
4.90
5.01
4.52
5.10
4.87
5.04
4.66
4.59
4.65
4.82
4.72
4.95
4.67
5.04
4.85
4.95
4.53
4.74
4.70
5.55
5.07
4.42
4.92
4.49
4.85
4.65
4.48
5.03
4.73
4.95
4.80
5.10
4.57
4.36
4.55
4.91
5.07
5.02
4.72
4.57
4.36
4.63
4.48
4.32
4.57
4.60
4.16
4.40
5.28
4.56
5.01
4.69
4.65
5.05
4.13
4.71
4.72
4.83
4.47
4.33
4.79
4.89
4.42
4.51
4.39
4.63
4.81
4.71
4.43
4.54
4.06
4.94
5.10
4.77
5.22
4.82
5.10
5.14
4.66
4.67
4.27
4.87
4.51
4.71
4.33
5.06
4.81
4.95
4.57
5.17
4.61
4.88
4.70
4.65
4.96
4.45
4.42
4.32
4.73
5.01
4.70
4.49
5.06
5.01
4.74
4.84
4.57
4.73
4.47
4.70
4.67
5.29
4.97
5.01
4.90
5.11
4.55
4.65
4.88
4.60
4.98
5.04
4.89
5.16
4.60
4.45
4.67
4.91
4.61
4.40
4.57
4.59
4.87
4.47
4.93
4.41
5.26
5.12
4.95
4.82
4.47
5.17
4.33
4.51
4.78
4.72
4.71
4.70
4.82
6.19
4.81
4.47
4.64
5.06
4.94
5.01
4.92
4.51
4.19
4.89
5.00
4.54
4.62
4.45
4.83
5.10
4.23
5.01
4.42
4.55
4.85
4.55
4.47
4.82
4.63
4.94
4.70
4.95
4.64
4.79
4.83
5.01
4.76
4.81
5.40
4.59
4.50
5.14
4.64
4.55
4.94
4.43
4.62
4.57
4.78
4.64
5.11
4.81
4.60
4.40
4.61
4.56
4.67
5.16
4.72
5.03
4.39
4.76
4.36
4.26
4.58
4.62
5.34
4.90
4.14
4.76
5.20
4.94
4.50
5.10
4.81
4.72
5.03
4.69
4.62
4.68
4.48
4.47
4.60
4.73
4.85
5.07
4.74
4.74
4.48
4.78
4.57
5.05
4.57
4.90
4.50
4.81
4.98
5.07
5.00
5.09
4.76
5.07
4.84
4.65
5.16
4.67
5.25
5.16
4.77
4.70
4.57
4.60
5.02
4.75
4.50
4.57
4.66
4.87
4.43
4.87
4.60
4.95
4.77
4.63
4.48
4.47
4.98
4.48
4.68
4.42
4.88
4.93
4.75
4.84
4.78
5.18
4.78
4.55
4.61
4.91
5.33
4.82
5.09
5.01
4.97
4.89
5.03
5.05
4.84
4.90
4.69
4.75
4.62
4.97
4.70
4.59
4.80
4.66
4.93
5.15
4.62
5.33
4.67
4.68
4.72
5.25
4.73
4.78
4.33
4.50
4.46
4.51
4.31
4.68
4.67
4.85
4.54
4.41
4.92
4.73
4.48
4.98
4.17
4.43
5.09
Resolver:
=======
11.22
11.11
11.10
11.05
10.98
11.13
10.94
11.25
11.06
10.95
11.05
11.14
11.08
11.08
11.09
11.07
11.05
11.02
11.06
11.03
11.07
11.00
11.44
11.16
11.08
11.16
11.06
11.03
11.02
10.98
11.10
11.02
11.00
11.18
11.00
11.03
11.24
11.06
11.19
11.10
11.03
11.02
11.08
11.18
11.06
11.00
11.04
11.04
11.04
11.08
10.98
11.03
11.02
11.11
11.07
11.00
11.25
11.08
11.09
11.25
11.04
11.11
11.06
11.12
11.09
10.96
11.01
11.09
11.04
11.13
11.08
11.01
11.06
11.05
11.22
11.15
11.02
11.03
11.09
11.07
11.26
11.06
10.99
11.05
11.07
11.06
11.04
11.03
10.99
10.98
11.05
11.07
11.17
11.09
11.07
11.02
11.07
11.08
11.09
11.03
11.04
11.13
10.96
11.03
11.07
11.03
11.02
11.04
11.05
11.02
11.06
11.07
17.09
11.09
11.08
11.03
11.17
11.08
11.08
10.99
10.95
11.02
11.06
11.03
11.13
11.03
11.13
11.09
10.99
11.05
11.04
12.14
11.05
11.03
11.04
11.11
11.03
11.03
11.00
10.99
11.09
11.17
10.97
10.99
11.05
10.98
11.08
11.12
10.99
11.08
11.08
11.16
10.99
11.11
11.05
11.04
11.08
11.10
11.04
11.11
11.02
11.05
11.12
11.01
11.72
11.12
11.08
11.03
11.68
12.30
11.16
11.09
11.15
11.11
11.04
11.04
11.10
10.99
11.04
11.10
11.12
11.07
11.05
11.05
11.15
11.08
11.12
11.17
11.01
11.09
11.08
11.07
11.11
11.13
11.17
11.10
11.14
11.06
11.86
11.03
11.12
11.09
11.00
11.11
11.12
11.12
10.96
11.11
11.15
11.07
11.12
11.04
11.11
11.08
11.07
11.07
11.11
11.12
10.99
10.99
11.16
11.07
10.98
11.65
11.09
11.08
11.01
11.05
11.06
11.00
11.18
11.03
11.05
11.10
11.17
11.09
11.08
11.11
11.12
11.27
11.11
11.03
11.09
11.02
11.04
11.06
11.04
11.01
11.11
11.06
11.11
11.05
11.05
11.09
11.98
11.10
11.05
11.16
11.11
11.05
11.03
11.08
11.14
11.03
11.07
11.07
11.07
11.10
10.99
11.07
11.06
11.14
11.02
11.09
11.10
11.24
11.19
11.04
11.02
11.12
11.11
11.03
11.00
11.09
11.06
11.07
11.92
10.98
11.53
11.04
11.06
11.07
11.13
11.06
10.97
10.99
11.03
11.12
11.01
11.09
11.10
11.04
11.00
11.09
11.02
11.02
11.09
11.01
11.12
11.11
10.99
10.96
11.12
11.07
10.99
11.02
11.02
11.04
11.01
11.74
11.07
11.06
11.08
11.09
11.08
11.07
11.07
11.13
11.01
11.21
11.03
10.99
11.07
11.08
11.08
11.14
11.09
11.03
11.07
11.01
11.08
11.09
10.98
11.06
10.99
11.07
10.98
11.01
11.07
11.14
11.07
11.07
11.03
11.11
11.02
11.04
10.98
11.05
11.06
11.03
11.19
11.08
11.13
10.96
11.23
11.09
11.03
11.05
11.15
11.09
11.26
11.09
11.05
11.09
11.00
11.02
11.08
11.10
11.09
11.05
11.03
11.19
11.11
11.10
11.02
11.13
11.02
11.05
11.04
11.07
11.02
11.12
11.00
11.07
11.07
11.06
10.98
11.14
11.04
11.05
11.04
11.09
11.12
11.06
11.10
11.01
11.10
10.98
11.05
10.98
11.00
11.03
11.06
10.91
11.06
11.14
11.09
11.25
11.75
11.14
11.08
11.16
11.08
10.94
11.14
11.02
11.07
11.10
11.03
11.13
11.09
11.01
11.05
11.10
11.12
11.23
11.09
11.14
11.08
11.05
11.18
11.02
11.30
11.03
11.17
11.14
10.99
11.08
11.00
11.14
11.08
11.05
11.77
11.18
11.09
10.97
11.02
11.05
11.07
11.08
11.03
11.03
11.13
11.09
11.04
11.02
11.04
11.02
11.11
10.98
11.05
10.99
11.11
11.03
11.12
11.07
11.02
10.97
11.04
11.11
11.10
11.03
11.09
11.01
11.06
11.09
11.83
11.06
11.00
11.02
11.12
11.19
11.03
10.99
11.11
11.08
11.02
11.08
11.00
11.15
11.20
11.11
11.08
11.09
11.07
11.04
11.26
11.14
11.04
11.04
11.03
11.14
11.00
11.06
11.17
11.02
11.05
11.02
11.95
11.03
11.02
10.99
11.06
11.20
11.09
10.99
11.16
11.07
10.99
11.07
10.95
11.05
11.11
11.13
11.11
11.04
11.01
11.13
11.04
11.08
11.04
10.99
11.18
11.07
10.97
11.03
11.06
11.04
11.06
11.02
11.02
11.12
11.09
11.20
11.04
11.00
11.00
11.01
11.19
11.07
11.15
11.17
11.08
11.02
11.11
11.07
11.05
11.08
11.05
11.13
11.06
11.13
11.06
11.00
11.16
11.01
11.02
11.03
11.06
10.98
11.12
11.06
11.01
11.07
11.03
11.02
11.03
11.04
11.03
11.09
11.03
11.02
10.99
11.07
10.98
11.02
11.22
11.12
11.06
11.10
11.11
11.00
11.13
11.01
11.07
11.02
11.11
10.93
11.01
11.02
11.03
11.12
11.06
11.22
11.16
12.07
11.05
11.10
11.04
11.15
11.10
11.04
11.11
11.82
11.09
11.05
10.96
11.03
11.09
11.10
11.08
11.10
11.13
11.06
11.12
11.23
11.03
10.97
11.04
11.09
11.08
11.04
11.12
11.03
11.15
11.03
11.28
11.10
11.91
11.14
11.04
11.13
11.09
11.17
11.08
11.02
11.00
11.03
11.06
11.12
11.06
11.02
11.07
11.12
11.05
11.09
11.04
11.10
11.18
11.02
10.98
11.12
11.61
11.59
11.51
11.03
11.09
11.05
11.15
11.07
11.90
11.15
11.18
11.09
11.03
11.09
11.10
11.14
11.02
11.29
11.03
11.05
10.94
11.15
11.03
11.15
11.05
11.00
11.21
11.05
11.00
11.20
10.97
11.16
11.03
11.04
11.07
11.11
10.99
11.14
11.13
11.05
11.06
10.92
11.88
11.03
11.13
11.07
11.01
11.01
11.10
11.18
11.08
11.03
11.05
11.03
11.01
11.03
11.08
11.06
10.95
11.17
11.08
11.06
11.04
11.10
11.16
11.12
11.21
11.19
11.04
10.97
11.08
11.04
11.15
11.24
11.23
11.05
12.09
11.05
11.10
11.04
11.14
11.15
11.05
11.06
10.98
11.06
11.05
11.09
11.07
11.06
11.11
11.07
10.97
11.01
11.06
11.04
11.14
11.05
11.07
11.06
11.19
11.05
11.98
11.04
11.02
11.11
11.13
10.98
11.05
11.08
11.06
11.07
11.09
11.11
10.97
11.08
11.12
11.15
11.00
11.15
11.12
11.00
11.02
11.03
11.00
11.01
11.06
11.32
11.10
11.20
11.07
11.09
11.07
11.02
11.88
11.08
11.01
11.13
11.14
11.04
10.99
10.95
11.07
11.10
11.58
11.01
11.06
11.09
11.10
11.00
11.06
11.07
10.97
11.06
11.06
11.17
11.04
11.05
11.02
11.02
11.19
11.04
11.01
11.02
11.02
11.04
11.17
11.01
11.02
11.01
11.01
11.08
11.01
11.00
11.16
11.02
11.04
11.05
11.03
10.99
11.05
11.08
11.11
11.06
11.02
11.05
11.07
11.11
11.03
11.01
11.09
11.03
11.08
11.00
11.05
11.08
11.02
11.03
11.16
11.04
11.11
11.77
10.95
11.03
11.15
11.06
11.05
11.03
10.97
11.27
11.10
11.03
11.05
11.06
11.11
11.09
10.92
11.02
11.07
11.08
11.02
11.21
11.05
11.08
11.19
11.07
11.02
11.17
11.07
11.34
11.01
11.15
11.01
11.04
11.96
11.04
11.05
11.00
11.06
11.09
11.07
11.01
11.20
11.04
11.10
11.11
11.09
11.02
11.06
11.16
11.09
11.09
11.00
11.21
11.02
11.02
11.10
11.22
11.04
11.05
11.07
11.05
11.07
11.15
11.07
11.11
11.03
11.42
11.89
11.01
11.04
10.97
10.97
11.14
11.04
11.11
11.25
11.10
11.07
11.01
11.04
11.00
11.16
11.08
11.08
11.00
11.13
11.10
11.05
11.14
11.08
11.00
11.22
Resolver: Cloudflare https://cloudflare-dns.com/dns-query
12.60
12.69
12.71
12.62
12.58
12.70
12.67
12.64
12.67
12.71
12.63
12.72
12.62
12.74
12.61
12.71
12.59
12.62
12.69
12.61
12.69
12.62
12.61
12.63
12.67
12.66
12.67
12.61
12.81
12.69
12.70
12.61
12.64
12.70
12.66
12.61
12.87
12.60
12.71
12.70
12.58
12.59
12.73
12.69
12.68
12.68
12.63
12.75
12.71
12.66
12.59
13.36
12.71
12.59
12.60
12.64
12.73
12.64
12.62
12.57
12.63
12.55
12.85
12.73
12.66
12.58
12.64
12.72
12.71
12.66
12.63
12.67
12.77
12.70
12.65
12.68
12.66
12.63
12.62
12.59
12.70
12.62
12.54
12.74
12.60
12.69
12.83
12.60
12.61
12.64
12.76
12.73
12.58
12.73
12.61
12.59
12.73
12.68
12.78
12.57
12.63
12.75
12.62
12.66
12.69
12.69
12.64
12.63
12.70
12.83
12.68
13.49
12.65
12.61
12.61
12.76
12.64
12.61
12.73
12.64
12.62
12.61
12.65
12.64
12.74
12.64
12.72
12.84
13.02
12.70
12.64
12.73
12.59
12.67
12.71
12.60
12.66
12.70
12.73
12.67
13.53
12.65
12.61
12.75
12.68
12.61
12.74
12.80
12.64
12.66
12.74
12.64
12.73
12.68
12.56
12.74
12.67
12.71
12.67
12.56
12.61
12.72
12.69
12.66
12.60
12.67
12.66
12.80
12.64
12.59
12.70
13.05
12.62
12.77
12.64
12.59
12.75
12.61
12.60
12.59
12.71
12.61
12.71
12.63
12.62
12.68
12.67
12.64
12.61
12.67
12.62
12.65
12.67
12.61
12.71
12.77
12.67
12.75
12.68
12.73
12.66
12.74
13.49
12.63
12.67
12.69
12.62
12.65
12.67
12.63
12.69
12.75
12.73
12.73
12.58
12.66
12.71
12.72
12.63
12.71
12.68
12.58
12.69
12.64
12.63
12.61
12.67
12.69
12.64
12.70
13.37
12.69
12.64
12.75
12.62
12.59
12.77
12.69
12.65
12.65
12.59
12.69
12.80
12.64
12.67
12.62
12.64
12.61
12.63
12.65
12.67
12.86
12.64
12.69
12.64
12.61
12.69
12.63
12.67
12.65
12.67
12.87
12.69
12.70
12.69
12.67
12.66
12.59
12.65
12.63
12.79
12.64
12.83
12.69
12.69
12.70
12.83
12.62
12.68
12.60
12.62
12.66
12.64
12.72
12.69
12.66
12.62
12.69
12.65
13.47
12.69
12.67
12.69
12.65
12.69
12.65
12.63
12.70
12.64
12.74
12.63
12.62
12.58
12.64
12.68
12.68
12.80
12.70
12.84
12.62
12.60
12.68
12.68
12.65
12.63
12.60
12.64
12.62
12.64
12.67
13.65
12.65
12.66
12.62
12.63
12.77
12.67
12.76
12.64
12.61
12.67
12.58
12.79
12.66
12.69
12.79
12.61
12.71
12.71
12.68
12.70
12.82
12.68
12.74
12.62
12.60
12.71
12.65
12.81
12.74
12.66
12.64
12.69
12.72
12.67
12.65
12.58
12.75
12.64
12.68
12.60
12.63
12.64
12.69
12.87
12.66
12.69
12.75
12.57
12.70
12.64
12.67
12.81
12.71
12.58
12.65
12.70
12.68
12.72
12.69
12.63
12.71
12.73
12.64
12.82
12.69
12.71
12.65
12.65
12.68
12.71
12.68
12.68
12.62
12.64
12.61
12.70
12.68
12.76
12.58
12.61
12.68
12.58
12.60
12.56
12.70
12.63
12.67
12.58
12.74
13.60
12.67
12.63
12.58
12.62
12.70
12.69
12.55
12.66
12.62
12.63
12.58
12.78
12.67
12.73
12.69
12.66
12.65
12.70
12.66
12.59
12.67
12.62
12.65
12.69
12.63
12.75
12.77
12.56
12.63
12.83
12.69
12.65
12.68
12.69
12.62
12.71
12.63
12.72
12.72
12.69
12.92
12.69
12.81
12.57
12.66
12.63
12.70
12.64
12.70
12.65
12.74
12.67
12.73
13.00
12.90
12.71
12.73
16.83
12.80
12.73
12.64
12.63
13.54
12.64
12.73
12.63
12.68
12.87
12.62
12.64
12.79
12.82
12.65
12.66
12.90
12.60
12.70
12.55
12.64
12.69
12.71
12.71
12.72
12.68
12.67
12.62
12.68
12.62
12.62
12.67
12.83
12.64
13.50
12.62
12.71
12.89
12.67
12.72
12.68
12.61
12.61
12.65
12.86
12.67
12.77
12.69
12.64
12.68
12.67
12.59
12.71
13.37
13.42
12.93
12.72
13.49
12.63
12.68
12.79
12.67
12.69
12.71
12.64
12.56
12.63
12.64
12.66
12.59
12.61
12.62
12.65
12.62
12.60
12.57
12.74
12.69
12.79
12.70
12.63
12.69
12.63
12.68
12.62
12.58
12.69
12.72
12.65
12.65
12.76
12.66
12.68
12.63
12.69
12.64
12.66
12.59
12.72
12.71
12.69
12.66
12.69
12.93
12.63
12.68
12.61
12.70
12.67
12.71
12.65
12.69
12.73
12.65
12.59
12.61
12.69
12.69
13.54
12.59
12.66
12.66
12.57
12.67
12.76
12.62
12.58
12.60
12.67
12.71
12.67
12.61
12.64
12.72
12.69
12.71
12.68
12.58
12.66
12.70
12.78
12.61
12.61
12.73
12.65
13.50
12.68
12.68
12.58
12.62
12.67
12.72
12.67
12.63
12.63
12.58
12.70
12.65
12.63
12.69
12.62
12.85
12.69
12.66
12.71
12.71
12.72
12.73
12.65
12.70
12.66
12.66
12.63
12.72
12.70
12.77
12.65
12.66
12.70
12.62
12.66
12.62
12.61
12.82
12.64
12.74
12.64
12.66
12.69
12.71
12.68
12.73
12.63
12.65
12.57
12.65
12.67
12.61
12.67
12.59
12.67
12.73
12.66
12.69
12.61
13.50
12.61
12.60
12.77
12.68
12.66
12.67
12.75
12.60
12.66
12.61
12.69
12.67
12.77
12.78
12.58
12.60
12.69
12.68
12.69
12.66
12.73
12.57
12.74
12.67
12.67
12.61
12.60
12.66
12.89
12.62
12.71
12.63
12.62
12.59
12.86
12.72
12.64
12.63
12.70
12.73
12.60
12.63
12.64
12.66
12.77
12.75
12.74
12.77
12.65
12.60
12.61
12.74
12.69
12.68
12.67
12.61
12.64
12.62
12.73
12.63
12.73
12.63
13.63
12.62
12.67
12.67
12.61
12.67
12.68
12.71
12.72
12.66
12.70
12.64
12.70
12.68
12.79
12.62
12.62
12.82
12.65
12.67
12.61
12.63
12.69
12.61
12.69
12.67
12.53
12.82
12.76
13.09
13.16
13.49
12.65
12.62
12.71
12.86
12.72
12.73
12.88
12.78
12.69
12.73
12.70
12.65
12.85
12.87
12.86
12.61
12.62
12.79
12.75
12.67
12.72
12.67
12.52
12.56
12.60
12.65
12.62
12.60
13.50
12.69
12.69
12.64
12.61
12.65
12.79
12.68
12.61
12.67
12.59
12.69
12.71
12.59
12.66
12.63
12.70
12.60
12.73
12.59
12.67
12.73
12.62
12.70
12.68
12.66
12.73
12.54
12.69
12.65
12.69
12.70
12.59
12.65
12.65
12.63
12.63
12.67
12.72
12.67
12.63
12.75
12.65
12.68
13.16
12.79
12.59
12.63
12.88
12.66
12.67
12.62
12.63
12.60
12.70
12.67
12.66
12.61
12.71
12.71
12.73
13.49
12.65
12.62
12.73
12.68
12.69
12.61
12.65
12.64
12.66
12.60
12.72
12.79
12.62
12.64
12.59
12.63
12.66
12.70
12.62
12.63
12.72
12.70
12.70
12.65
12.73
12.74
12.74
12.71
12.66
12.69
12.65
12.67
12.66
12.84
12.57
12.64
12.61
12.61
12.67
12.75
12.63
12.68
12.67
12.74
12.69
12.64
12.67
12.86
12.65
12.61
12.68
12.63
12.69
12.69
12.53
12.72
12.64
12.65
12.75
12.73
12.68
13.39
12.64
12.65
12.71
12.60
12.68
12.62
12.66
12.67
12.59
12.70
12.70
12.66
12.70
12.69
12.69
12.78
12.59
12.73
12.77
12.62
12.71
12.57
12.83
12.64
12.69
12.65
12.73
12.55
12.79
12.59
13.34
12.76
12.73
12.62
12.62
12.64
12.67
12.66
12.64
12.62
12.65
12.61
12.79
Resolver: CleanBrowsing https://doh.cleanbrowsing.org/doh/family-filter/
13.83
13.70
13.77
13.77
13.73
13.72
13.70
13.77
13.99
13.91
13.77
13.66
13.96
13.83
13.87
13.79
13.66
13.67
13.84
13.71
13.78
13.80
13.79
13.79
13.87
13.72
13.86
13.87
13.69
13.81
13.88
13.94
13.95
13.80
13.80
13.72
13.70
13.82
13.77
13.73
13.84
13.75
13.84
13.83
13.76
13.77
13.74
13.72
14.73
13.77
13.83
13.71
13.88
13.76
13.87
13.78
13.87
13.86
13.78
13.80
13.65
13.92
13.51
13.80
14.00
13.70
13.76
13.88
13.78
13.77
13.81
13.87
13.81
13.79
13.78
14.68
13.71
13.68
13.82
13.74
13.77
13.75
13.73
13.79
13.79
13.78
13.69
13.79
13.73
13.82
13.76
13.87
13.76
13.75
13.77
13.80
13.87
13.69
13.80
13.68
13.68
13.80
13.70
13.99
13.79
13.83
13.76
13.71
13.73
13.73
13.74
13.85
13.82
13.65
13.83
13.72
13.77
13.78
13.69
13.67
13.79
13.73
13.79
13.83
13.76
13.88
13.62
13.99
13.83
13.81
14.50
13.82
13.72
13.73
13.77
13.84
13.76
13.77
13.72
13.76
13.84
13.74
13.86
13.65
13.77
14.15
13.84
13.79
13.66
13.67
13.87
13.80
13.78
13.72
13.76
13.79
13.81
13.81
14.74
13.80
13.92
14.40
13.85
13.78
13.90
13.93
13.84
13.84
13.80
13.80
13.80
13.78
13.73
13.65
13.76
13.87
13.82
13.79
13.71
13.66
13.73
13.66
13.88
13.79
13.76
13.86
13.79
13.79
13.90
13.67
13.65
13.71
13.91
13.76
13.83
13.84
13.72
13.73
13.82
13.76
13.88
13.68
13.73
13.78
13.80
13.77
13.71
13.88
13.71
14.04
13.79
13.98
13.85
13.68
13.82
14.61
13.70
13.75
13.76
13.88
13.68
13.87
13.72
13.72
13.76
13.99
13.77
13.75
13.77
13.84
13.79
13.80
13.74
13.88
13.81
13.84
13.79
13.87
13.76
13.77
13.84
14.52
13.79
13.97
13.77
13.68
13.69
13.75
13.91
13.86
13.82
13.78
13.75
13.85
13.85
13.92
13.86
13.93
13.90
13.81
13.82
13.80
13.68
13.77
13.83
14.20
14.62
13.98
13.80
14.64
13.85
14.11
13.89
13.79
13.87
13.74
13.79
13.80
13.80
13.89
13.81
13.81
13.73
13.71
13.78
13.86
13.71
13.78
13.75
13.81
13.82
13.74
13.81
13.81
13.73
13.74
13.67
13.82
13.82
13.75
13.84
13.78
13.75
13.71
13.85
13.80
13.78
13.76
13.81
13.90
13.61
13.80
13.87
13.79
13.90
13.81
13.71
13.74
13.76
13.87
13.72
13.70
13.89
13.81
14.77
13.85
13.81
13.70
13.80
13.69
13.63
13.88
13.82
13.73
13.79
13.81
13.74
13.78
13.76
13.79
13.80
13.82
13.78
13.75
14.01
13.67
13.86
13.75
13.79
13.76
13.80
13.76
14.69
13.68
13.88
13.68
13.77
13.72
13.85
13.77
14.01
13.68
13.72
13.95
13.73
13.77
13.89
13.80
13.89
13.75
13.76
13.80
13.78
13.79
13.76
13.69
13.88
13.82
13.72
13.86
13.79
13.71
13.82
13.76
13.77
13.75
13.75
13.68
13.74
13.83
13.83
13.70
13.76
14.00
13.82
13.76
13.75
13.90
13.76
13.76
13.72
13.69
14.15
13.93
13.77
13.80
13.74
13.71
14.52
13.83
13.72
13.71
13.82
13.79
13.88
13.80
13.88
13.78
13.67
13.97
13.77
13.87
14.39
14.28
14.57
14.48
14.40
14.04
14.79
15.01
14.46
13.79
13.79
13.70
13.63
13.85
13.80
13.76
13.89
13.78
13.73
13.83
13.77
13.84
13.79
13.79
13.81
13.91
13.81
13.73
13.77
13.74
13.77
13.73
13.92
13.80
13.82
13.75
14.69
13.74
13.82
13.88
13.82
13.75
13.72
14.02
13.84
13.82
13.82
13.74
13.78
13.90
13.71
13.73
13.84
13.81
13.66
13.77
13.79
13.87
13.75
13.73
13.80
13.68
13.79
13.91
14.62
13.77
13.83
13.79
13.81
13.82
13.75
13.78
13.84
13.87
13.77
13.72
13.84
13.75
13.86
13.96
13.97
13.77
13.76
13.82
13.65
13.82
13.85
13.81
13.75
13.74
13.92
13.87
13.73
13.73
13.72
13.88
13.83
13.83
14.00
13.75
13.75
13.72
13.76
13.93
13.79
13.75
13.83
13.76
13.75
13.84
13.84
13.79
13.72
13.77
13.74
13.84
13.94
13.76
13.73
13.89
13.82
13.74
14.01
13.84
13.96
13.78
13.74
13.80
13.84
13.82
13.80
13.80
13.73
13.78
13.74
13.91
13.70
13.72
13.79
13.75
13.85
13.72
13.78
13.82
13.76
13.75
14.55
13.83
13.80
13.96
13.96
13.78
13.92
13.79
13.85
13.70
13.73
13.78
13.65
13.79
13.84
13.73
13.81
13.84
13.77
13.82
13.85
13.81
13.79
13.81
13.79
13.79
13.78
13.93
13.70
14.55
13.67
13.79
13.84
13.80
13.95
13.80
13.90
13.87
13.73
13.84
13.86
13.87
13.86
13.84
13.87
13.79
13.73
13.63
13.77
13.74
13.76
13.75
13.93
13.76
13.73
13.85
13.74
13.75
13.77
13.85
13.75
13.82
13.70
13.69
13.69
13.89
13.80
13.91
13.77
13.94
13.82
13.80
13.75
13.76
13.77
13.77
13.88
13.67
13.82
13.81
13.86
14.71
13.87
13.75
13.85
13.78
13.74
13.77
13.72
13.82
13.85
13.97
13.71
13.78
14.06
13.67
13.78
13.84
13.90
13.83
13.74
13.85
13.80
13.63
13.99
13.78
13.80
13.77
13.85
13.74
14.44
13.68
13.90
13.84
13.72
13.84
13.79
13.76
13.89
13.88
13.77
13.86
13.83
13.88
13.83
13.71
13.90
13.70
13.76
13.77
13.93
13.73
13.66
13.77
13.74
13.90
13.59
13.76
13.80
14.57
13.76
13.79
13.71
13.74
13.82
13.76
13.85
13.71
13.68
13.95
13.75
13.77
13.90
13.88
13.71
13.71
13.81
13.96
13.67
13.83
13.72
13.84
13.70
13.77
13.73
13.75
13.84
13.81
13.79
14.59
13.77
13.76
13.82
13.70
13.75
13.83
13.68
13.67
13.80
13.84
13.85
13.69
13.78
13.82
13.79
13.82
13.81
13.70
13.86
13.67
13.80
13.81
13.79
13.82
13.87
13.84
14.20
14.59
14.62
13.73
13.72
13.80
13.94
13.79
13.95
13.75
13.77
13.88
13.75
13.72
13.87
13.83
13.66
13.71
13.89
13.77
13.84
13.71
13.73
13.69
13.73
13.76
13.81
13.80
14.42
13.73
13.83
13.86
13.79
13.82
13.72
13.78
14.02
13.84
13.72
14.01
13.85
13.81
13.82
13.73
13.90
13.72
13.69
13.77
13.92
13.90
13.91
13.76
13.80
14.01
13.82
13.77
13.71
13.87
13.86
13.90
13.66
13.83
13.84
13.87
13.75
13.75
13.91
13.94
13.76
13.69
13.69
13.75
13.83
13.65
13.64
13.67
13.86
13.71
13.77
13.68
13.84
13.73
13.77
13.78
13.83
14.73
13.89
13.73
13.77
13.84
13.75
13.74
13.72
13.82
13.73
13.85
13.77
13.72
13.83
13.80
13.77
13.80
13.77
13.73
13.78
13.75
13.77
13.76
13.76
13.89
13.71
13.73
13.91
13.78
14.48
13.83
13.87
13.87
13.78
13.90
13.75
13.90
13.72
13.81
13.74
13.73
13.83
13.87
13.72
13.75
13.76
13.78
13.78
13.73
13.75
13.67
13.82
13.89
13.80
13.78
13.85
13.86
13.68
13.85
13.72
13.88
13.88
13.80
13.90
13.78
13.84
13.83
13.70
13.67
13.88
13.81
13.89
13.73
13.81
13.78
13.77
13.80
13.77
13.82
13.87
14.73
13.76
13.78
13.93
13.66
13.78
13.88
13.78
13.83
13.74
13.76
13.76
13.77
13.74
13.77
13.92
13.91
13.89
13.75
13.87
13.93
13.78
13.88
13.73
13.78
13.88
Resolver: blahdns.com_Germany: https://doh-de.blahdns.com/dns-query
11.23
11.35
11.33
11.27
11.14
11.42
11.19
11.41
11.24
11.17
11.16
11.29
11.32
11.35
11.25
11.20
11.29
11.21
11.32
11.21
11.31
11.29
11.34
11.19
11.30
11.30
11.32
11.23
11.20
11.21
11.23
11.26
11.31
11.17
11.31
11.16
11.26
11.20
11.22
11.30
11.20
11.15
11.22
11.26
11.15
11.35
11.32
11.23
12.13
11.20
11.22
11.29
11.20
11.21
11.24
11.22
11.27
11.24
11.22
11.33
11.17
11.20
11.20
11.21
11.30
11.20
11.17
11.41
11.26
11.25
11.25
11.51
11.25
11.15
11.25
11.36
11.34
11.25
11.25
12.07
11.26
11.23
11.40
11.30
11.18
11.30
11.39
11.22
11.14
11.28
11.31
11.24
11.29
11.28
11.23
11.05
11.26
11.26
11.28
11.24
11.25
11.30
11.29
11.23
11.24
11.35
11.68
11.61
11.48
11.66
11.16
11.33
11.25
11.49
11.37
11.50
12.33
11.60
11.43
11.27
11.21
11.17
11.23
11.17
11.34
11.29
11.12
11.17
11.23
11.36
11.24
11.27
11.17
11.27
11.13
11.18
11.19
11.27
11.23
11.19
11.27
11.26
11.32
12.28
11.38
11.26
11.49
11.47
11.19
11.19
11.32
11.25
11.35
11.12
11.41
11.59
11.29
11.22
11.19
11.14
11.31
11.25
11.23
11.26
11.17
11.25
11.23
11.18
11.08
11.11
11.17
11.38
11.16
11.22
11.13
11.22
11.25
11.26
11.26
11.16
11.30
11.19
11.24
11.25
11.30
11.30
11.23
11.26
11.23
11.22
11.34
11.23
11.22
11.12
11.23
11.37
11.34
11.32
11.23
11.14
11.28
11.12
11.26
11.33
11.10
11.32
11.36
11.25
11.26
12.12
11.16
11.17
11.28
11.34
11.18
11.34
11.22
11.20
11.26
11.22
11.30
11.29
11.41
11.21
11.16
11.21
11.23
11.15
11.32
11.78
11.22
11.20
11.27
11.38
11.31
11.48
11.22
11.26
11.24
11.26
11.35
11.33
11.20
11.15
11.12
11.61
11.22
11.17
11.35
11.35
11.18
11.40
11.20
11.25
11.28
11.18
11.19
11.31
11.37
11.26
11.25
11.25
11.23
11.32
11.29
11.21
11.45
11.31
11.22
11.20
11.23
11.25
11.24
11.35
11.26
11.34
11.26
11.19
11.20
11.27
11.15
11.14
11.25
11.25
11.26
11.30
11.32
11.22
11.25
11.21
11.16
11.24
11.24
11.31
11.25
11.11
11.24
11.48
11.12
11.30
11.19
11.40
11.21
12.12
11.16
11.19
11.27
11.29
11.35
11.33
11.22
11.40
11.20
11.32
11.21
11.21
11.23
11.16
11.31
11.22
11.22
11.16
11.23
11.20
11.19
11.17
11.31
11.20
11.23
11.36
11.11
11.21
11.22
11.35
11.34
11.16
11.23
11.23
11.32
11.18
11.34
11.27
11.24
11.25
11.22
11.38
11.25
11.26
11.18
11.20
11.23
11.18
11.23
11.19
11.25
11.37
11.23
11.22
11.24
11.22
11.17
11.24
11.27
11.18
11.31
11.12
11.24
12.10
11.38
11.19
11.15
11.24
11.15
11.40
11.25
11.07
11.21
11.25
11.21
11.23
11.25
11.24
11.23
11.28
11.24
11.13
11.21
11.21
11.32
11.25
11.24
11.22
11.16
11.29
11.30
11.20
11.20
11.36
11.18
11.09
11.19
11.31
11.19
11.25
11.19
11.26
11.18
11.24
11.19
11.20
11.19
11.14
11.05
11.31
11.39
11.28
11.07
11.33
11.21
11.39
11.34
11.26
11.11
11.24
12.28
11.20
11.18
11.28
11.52
11.22
11.21
11.29
11.19
11.28
11.26
11.31
11.21
11.26
11.25
11.16
11.27
11.34
11.20
11.20
11.18
11.31
11.13
11.28
11.26
11.29
11.29
11.23
11.22
11.31
11.23
11.33
11.26
11.14
12.16
11.15
11.12
11.38
11.19
11.25
11.19
11.15
11.20
11.21
11.65
11.16
11.12
11.37
11.42
11.20
11.24
11.40
11.24
11.26
11.24
11.19
11.14
11.30
11.26
11.26
11.33
11.11
11.39
11.27
11.20
11.13
12.08
11.30
11.18
11.27
11.28
11.21
11.23
11.20
11.37
11.30
11.24
11.22
11.17
11.26
11.24
11.27
11.24
11.21
11.20
11.26
11.23
11.18
11.25
11.21
11.27
11.21
12.02
12.09
11.50
11.44
11.21
11.21
11.17
11.38
11.25
11.27
11.29
11.23
11.23
11.23
11.15
11.22
11.31
11.15
11.16
11.26
11.23
11.40
11.22
11.23
11.17
11.42
11.14
11.11
11.24
11.30
11.24
11.35
11.23
11.18
11.37
11.33
11.28
11.23
11.24
11.39
11.98
11.19
11.25
11.37
11.11
11.25
11.21
11.32
11.27
11.17
11.18
11.28
11.25
11.25
11.32
11.38
11.24
11.23
11.28
11.20
11.13
11.30
11.19
11.20
11.24
11.24
11.28
11.25
11.29
11.24
11.34
11.27
11.12
11.26
11.23
11.11
11.20
11.23
11.26
11.22
11.37
11.27
11.26
11.53
11.23
11.29
11.20
11.65
11.18
11.38
11.18
11.23
11.14
11.21
11.24
11.24
11.18
11.31
11.31
11.22
11.20
12.09
11.22
11.17
11.30
11.27
11.30
11.18
11.17
11.17
11.24
11.30
11.24
11.13
11.46
11.36
11.19
11.30
11.30
11.11
11.34
11.21
11.17
11.23
11.17
11.42
11.42
11.29
11.22
11.31
11.27
11.22
11.26
11.23
11.13
11.32
11.30
11.21
11.17
11.26
11.41
11.39
11.30
11.27
11.25
11.23
11.18
11.18
11.31
11.11
11.25
11.15
11.22
11.35
11.23
11.34
11.45
11.16
11.23
11.38
11.20
11.17
11.25
11.31
11.97
11.27
11.20
11.33
11.34
11.31
11.22
11.31
11.43
11.27
11.37
11.29
11.24
11.19
11.22
11.31
11.30
11.26
11.19
11.19
11.30
11.19
11.24
11.56
11.25
11.26
11.28
11.26
11.23
11.16
11.13
11.23
11.26
11.27
11.27
11.28
11.26
11.25
11.24
11.24
11.23
11.24
11.35
11.25
11.20
11.23
11.31
11.27
11.23
11.17
11.23
11.32
11.24
11.43
11.14
11.22
11.21
11.22
11.15
11.19
11.26
11.50
11.25
11.31
11.35
11.99
11.31
11.24
11.31
11.33
11.08
11.29
11.12
11.20
11.24
11.18
11.20
11.15
11.37
11.28
11.15
11.27
11.24
11.19
11.33
11.32
11.23
11.23
11.29
11.14
11.29
11.23
11.28
11.27
11.31
11.25
11.19
11.37
11.84
11.33
11.29
11.28
11.26
11.22
11.17
11.32
11.20
11.32
11.13
11.20
11.30
11.13
11.29
11.23
11.39
11.10
11.13
11.18
11.23
11.16
11.21
11.28
11.17
11.26
11.17
11.39
11.48
11.14
11.16
12.15
11.21
11.28
11.29
11.20
11.21
11.18
11.27
11.28
11.27
11.18
11.43
11.26
11.23
11.27
11.26
11.15
11.24
11.30
11.23
11.53
11.15
11.19
11.34
11.14
11.30
11.15
11.11
11.10
11.28
11.20
11.24
11.11
11.27
11.27
11.16
11.16
11.26
13.37
11.15
11.22
11.17
11.28
11.25
11.18
11.20
11.24
11.21
11.12
11.33
11.34
11.26
11.18
11.19
11.32
11.25
11.33
11.30
11.26
11.29
11.24
11.23
11.25
11.22
11.21
11.20
11.80
11.34
11.20
11.24
11.27
11.20
11.40
11.32
11.35
11.21
11.16
11.31
11.16
11.24
11.17
11.43
11.28
11.18
11.28
11.23
11.33
11.25
11.43
11.30
11.27
11.32
11.32
11.20
11.27
11.15
11.13
11.40
11.21
11.18
11.37
11.34
11.24
11.21
11.26
11.19
11.21
11.23
11.25
11.22
11.23
11.30
11.19
11.20
11.23
11.28
11.39
11.08
11.25
11.23
11.15
11.22
11.36
11.32
11.23
11.24
11.25
11.28
11.18
11.39
11.19
11.34
11.90
11.18
11.07
11.23
11.32
11.26
11.32
11.28
11.25
11.22
11.48
11.26
11.19
11.20
11.48
11.26
11.26
11.21
11.27
11.17
Resolver:
>>>>>>> 748abda2665e624d41c8041d7a3835816f5146f3
