Resolver: Google https://dns.google.com/experimental
5.11
5.06
4.62
4.91
4.87
4.60
4.86
4.56
5.26
4.53
4.54
5.18
5.29
5.32
4.66
5.93
4.85
5.06
4.95
4.61
4.51
5.38
5.12
5.31
4.94
5.18
5.43
4.76
5.36
4.45
5.24
4.96
4.79
4.96
4.62
5.23
5.12
4.76
5.21
4.99
4.94
5.34
4.93
4.90
5.01
4.65
4.94
4.76
4.63
4.48
4.82
4.77
5.12
5.17
5.48
5.05
4.63
5.15
5.12
5.24
4.87
5.07
4.81
5.03
5.02
5.02
4.82
4.29
4.96
5.06
4.72
4.62
4.60
4.66
5.53
4.66
5.08
5.56
5.39
5.10
4.82
4.23
5.26
4.56
5.68
5.03
5.31
5.42
4.65
4.72
5.96
5.85
4.81
5.26
5.46
4.51
5.02
5.23
4.65
5.16
4.73
4.76
4.72
4.93
5.21
5.38
5.25
5.41
5.79
5.10
5.72
4.81
4.83
4.99
5.11
4.81
4.97
4.91
5.16
5.00
4.86
5.05
4.78
4.89
5.52
5.10
5.04
4.84
4.76
4.33
5.08
4.93
4.74
4.98
5.14
5.09
4.80
4.70
5.00
4.96
5.01
5.09
4.66
4.52
4.29
5.19
5.31
5.68
5.18
4.74
5.12
5.70
5.02
4.88
4.78
4.85
5.36
4.82
5.56
4.79
5.33
5.01
4.75
5.18
4.64
5.13
4.99
5.40
4.87
5.44
4.99
5.29
5.15
5.50
4.96
4.80
4.54
5.55
5.10
4.81
5.13
5.85
4.99
4.40
4.85
4.72
4.60
4.93
4.71
4.59
5.03
5.22
5.20
4.92
5.70
5.43
5.68
5.93
5.36
5.33
5.46
4.46
5.09
4.67
4.69
4.83
5.15
4.81
4.76
4.71
5.43
5.20
4.61
5.49
4.76
4.62
5.52
4.60
4.98
4.84
5.02
4.69
4.73
5.06
4.87
5.33
4.97
5.06
4.85
4.68
4.70
4.43
5.25
5.21
5.08
5.37
4.98
4.64
4.45
4.96
4.59
5.28
5.07
4.69
5.48
4.88
5.82
5.38
5.31
5.06
5.14
4.74
5.09
5.91
4.70
5.02
4.31
4.41
5.40
5.17
5.24
5.10
5.43
5.17
5.00
5.42
4.87
4.65
5.11
4.73
5.08
4.92
5.04
4.64
5.05
4.96
4.52
5.03
5.30
5.38
5.00
4.72
5.29
4.81
5.12
4.86
4.99
4.84
4.87
4.92
4.71
4.59
4.91
4.78
5.17
4.92
5.07
5.24
4.85
4.84
4.56
4.53
4.53
4.82
5.08
4.88
4.40
5.12
4.88
4.92
5.10
5.33
5.04
5.48
5.00
4.84
4.77
4.82
4.69
4.93
4.81
4.84
4.83
5.11
5.03
5.35
5.42
5.43
5.27
4.86
4.90
4.91
5.03
5.23
4.81
4.73
5.13
4.77
4.90
4.83
4.96
4.99
5.13
4.72
4.73
5.18
5.22
5.37
4.97
4.51
5.16
4.57
5.11
5.06
4.77
5.10
4.66
4.41
4.94
4.65
4.99
4.42
4.43
5.31
5.12
5.43
5.30
4.42
5.04
5.30
5.19
4.69
4.80
5.12
4.69
5.13
4.63
4.55
5.30
4.58
5.16
4.62
5.52
5.48
4.70
4.85
4.87
5.26
4.72
5.09
4.78
5.08
5.11
5.48
4.42
5.05
4.61
5.15
5.09
4.61
5.08
5.51
5.44
4.88
5.07
5.10
4.71
5.00
5.37
5.36
4.52
4.76
4.94
4.47
5.38
5.17
5.32
4.93
5.62
4.90
4.90
4.81
4.68
5.02
5.33
5.06
4.35
5.18
4.70
4.62
4.79
4.70
4.95
4.70
5.24
4.62
5.18
4.65
4.79
5.92
5.05
5.19
4.95
5.18
5.40
4.83
5.26
4.90
4.51
4.92
4.32
4.72
4.78
4.95
4.67
4.93
4.65
5.45
5.34
4.85
5.01
6.27
4.83
4.92
4.95
5.08
4.87
5.13
5.07
4.74
5.27
5.03
5.29
4.97
4.67
4.97
4.95
4.97
4.87
5.28
4.96
5.09
5.63
5.22
4.93
5.81
5.10
5.25
4.86
5.01
4.71
4.92
4.61
4.86
5.03
5.25
4.70
4.75
5.23
4.89
4.98
4.93
5.04
4.83
5.24
5.10
5.23
4.73
4.69
5.05
4.83
4.81
4.54
4.61
5.25
4.86
5.28
5.49
5.61
5.14
4.63
4.80
5.51
5.48
5.22
5.45
5.50
5.23
4.82
5.01
5.24
5.16
4.36
4.67
5.01
4.63
5.09
4.75
5.10
5.20
5.17
4.99
5.38
5.05
5.06
4.58
4.54
4.76
4.86
4.88
5.17
5.49
5.40
5.07
5.40
4.50
5.23
4.49
5.32
4.71
5.04
5.03
4.54
5.13
5.46
4.78
4.76
4.46
4.75
4.66
5.34
5.45
4.53
5.21
4.98
4.89
5.13
5.22
4.90
4.73
4.77
4.78
5.00
5.36
4.75
4.88
5.03
4.71
4.92
5.31
5.14
5.48
4.69
5.14
5.44
5.56
5.52
4.96
5.09
5.20
5.20
4.95
4.94
4.82
4.97
4.68
5.08
4.25
4.91
4.52
5.35
5.32
5.35
5.40
5.09
5.40
4.31
5.28
5.44
5.84
5.49
4.77
5.49
5.06
5.21
5.16
5.03
4.83
5.00
4.46
4.74
4.89
4.66
5.06
4.77
4.54
4.77
4.67
4.75
4.41
4.71
7.85
4.99
5.40
4.72
5.35
5.23
5.31
5.25
4.68
4.81
5.00
5.39
5.53
5.64
4.97
5.30
5.21
5.34
4.95
4.69
4.76
4.78
5.18
5.52
4.98
5.43
5.15
4.84
4.66
5.01
4.77
4.47
4.83
4.77
4.60
5.05
5.02
5.01
4.87
4.92
5.16
4.70
5.08
5.00
5.13
4.97
5.48
4.78
5.32
5.12
4.90
4.55
5.12
4.48
4.74
4.56
4.83
4.69
4.55
4.91
4.91
5.46
5.44
5.09
5.00
4.68
5.01
5.04
5.18
5.09
4.95
4.52
4.98
5.32
5.10
5.04
5.12
4.93
5.36
5.06
4.81
4.87
5.10
4.80
4.76
4.69
5.07
5.22
5.62
4.73
4.96
5.06
5.28
5.48
5.16
5.19
4.84
5.33
4.67
5.18
5.42
5.02
5.06
5.27
4.74
4.67
4.89
4.75
4.81
5.11
5.28
4.73
5.31
5.06
4.88
4.71
5.23
5.09
4.65
4.63
5.41
4.66
4.89
5.56
5.59
4.86
4.77
4.56
4.99
4.53
4.92
5.67
5.00
5.21
5.13
5.41
5.33
5.26
5.32
4.98
5.18
4.45
5.36
5.16
4.79
4.55
4.90
4.75
4.93
4.95
5.01
4.76
5.26
5.19
5.00
6.83
5.07
5.16
4.93
4.74
4.86
4.66
4.83
5.01
5.41
5.06
5.01
5.42
5.14
6.47
5.21
4.74
4.78
4.52
5.18
5.16
5.62
5.13
5.50
4.64
5.32
4.46
4.87
5.75
5.19
5.17
5.39
4.76
5.04
4.64
4.93
5.02
5.09
4.77
4.91
5.56
5.07
4.78
4.98
5.26
4.88
4.67
5.24
5.24
5.06
4.79
4.83
5.59
4.62
5.78
4.98
4.78
5.19
5.12
5.35
4.75
5.05
4.71
4.64
5.46
5.27
5.16
4.76
4.81
5.29
5.28
5.24
5.00
5.98
4.95
5.09
4.77
5.55
4.66
4.77
4.87
4.75
4.81
5.07
4.70
4.71
4.80
4.88
4.91
5.11
4.86
5.34
5.07
4.55
5.04
5.27
4.78
4.56
5.32
5.12
5.19
5.13
5.54
5.36
5.08
4.85
5.44
5.26
4.91
4.65
5.03
5.31
4.51
4.75
4.96
4.75
4.75
4.69
4.54
5.18
5.33
5.22
5.26
5.34
4.80
4.85
4.50
5.01
6.41
4.37
5.09
4.83
5.33
4.93
5.02
4.57
4.67
4.78
5.41
4.63
5.03
4.58
5.39
4.88
4.82
5.43
4.81
4.79
4.71
5.12
4.71
5.03
5.13
5.03
5.47
5.49
5.12
5.12
5.24
4.73
4.87
4.63
5.07
4.58
4.90
5.08
5.13
5.21
Resolver: Cloudflare https://cloudflare-dns.com/dns-query
5.58
6.32
6.17
5.53
5.59
5.29
5.89
6.72
5.60
5.60
5.77
5.87
6.25
6.12
6.53
5.99
5.90
6.05
6.41
5.15
6.03
5.62
6.06
5.92
5.56
6.07
5.94
5.57
5.85
5.88
5.69
6.02
6.18
5.55
5.62
5.86
5.82
6.31
6.12
5.96
5.93
5.72
5.96
5.57
5.59
5.72
6.26
5.82
6.12
5.68
5.87
5.98
5.77
5.59
7.10
5.44
5.76
5.76
5.63
6.46
6.27
6.27
5.53
6.36
5.44
6.18
5.55
5.62
5.80
5.98
5.51
6.43
5.75
5.82
5.75
6.35
6.23
5.70
5.35
5.88
6.04
6.21
5.89
6.89
5.77
5.84
5.53
6.11
5.50
5.45
5.71
5.84
6.01
5.94
6.00
5.33
5.77
6.00
5.84
5.15
5.43
5.40
6.00
5.96
6.39
5.80
5.71
6.61
5.93
6.19
5.77
5.88
5.84
5.79
5.74
5.87
5.93
6.22
5.63
6.12
5.88
6.41
5.42
6.30
5.71
6.04
5.70
6.29
5.74
5.62
5.68
5.90
6.00
6.21
5.98
5.54
5.74
5.68
5.56
5.74
6.13
5.61
5.75
5.93
5.87
6.02
5.46
5.65
5.78
5.80
5.63
5.76
6.25
6.76
5.87
5.43
5.70
6.13
5.65
5.72
5.99
5.75
5.83
5.89
5.87
5.91
5.81
5.52
5.93
5.65
5.80
5.51
5.62
6.10
5.79
5.69
5.63
6.11
5.56
5.82
6.08
6.70
5.68
5.87
5.56
5.36
5.82
5.87
5.90
6.09
6.05
5.87
6.67
5.61
6.16
5.77
6.03
5.67
6.11
5.85
5.52
6.27
5.73
6.29
5.59
5.84
5.89
5.69
6.08
5.45
6.57
6.33
5.55
5.74
5.98
6.13
5.67
5.86
6.02
5.94
5.61
6.65
8.10
5.51
6.23
6.23
5.75
6.23
6.67
5.77
5.57
5.58
5.41
6.06
5.92
5.86
6.04
5.91
6.14
5.61
6.06
5.83
6.13
5.66
5.89
6.01
5.56
5.55
5.73
6.24
5.36
5.34
6.37
6.08
5.53
5.92
5.54
6.37
5.92
6.38
5.83
5.86
6.16
6.35
6.01
5.32
6.17
5.71
5.97
5.82
5.59
5.55
5.65
6.03
6.07
5.41
6.47
5.39
5.82
5.86
5.84
6.13
6.21
6.10
6.21
6.20
6.02
5.72
5.56
5.88
5.89
5.33
6.09
5.77
5.62
5.85
5.89
5.61
6.00
6.24
5.61
5.92
5.24
5.59
5.75
5.85
5.61
6.30
6.33
5.37
6.01
5.74
5.81
6.29
5.45
5.57
6.03
5.52
5.95
5.59
6.22
6.28
5.80
5.48
5.95
6.03
5.64
6.36
12.54
6.69
6.14
5.82
6.09
6.17
5.73
6.22
6.48
6.68
6.82
6.72
6.30
6.31
6.30
5.68
6.49
5.82
6.45
6.77
5.51
6.31
5.97
6.47
5.94
6.34
6.50
5.84
5.65
5.94
6.24
5.96
6.37
5.81
6.61
6.30
6.14
5.71
5.63
6.41
6.07
5.69
6.03
5.49
5.54
5.72
5.35
6.12
5.62
5.63
6.00
5.77
5.55
6.09
5.24
5.65
5.36
6.15
5.93
5.93
5.79
6.08
6.43
5.85
5.46
5.96
6.43
6.31
5.81
5.53
6.04
6.26
6.20
5.82
5.88
5.83
5.45
5.92
6.23
5.55
5.78
5.75
5.64
5.76
6.23
5.76
6.09
6.06
5.65
5.99
5.70
5.92
5.70
6.23
6.03
6.74
5.50
5.80
6.19
5.70
5.52
5.68
5.74
5.65
6.15
5.63
6.12
6.80
5.62
5.70
5.99
5.94
6.04
5.75
6.11
5.94
5.87
5.90
5.97
5.68
5.60
5.70
6.06
5.89
5.74
5.78
5.77
5.64
6.14
5.42
5.37
5.85
5.74
6.12
5.56
6.05
5.87
5.76
5.84
5.75
5.99
6.03
5.81
5.96
5.85
5.68
5.50
5.70
5.92
5.79
5.73
5.63
5.87
6.35
6.25
6.01
5.83
5.94
5.86
5.68
5.97
6.17
6.06
5.67
5.41
5.98
5.49
7.29
5.63
5.92
6.17
6.33
5.83
6.36
6.19
6.15
5.49
6.11
6.06
6.25
5.69
5.62
6.02
5.98
5.67
5.97
5.28
6.38
7.34
8.22
35.71
5.91
5.95
5.61
5.97
7.04
5.75
6.10
6.31
5.88
6.64
6.04
5.31
5.95
5.99
5.69
5.58
5.65
5.52
5.73
6.03
5.70
6.70
5.65
6.10
5.92
9.24
5.84
5.81
5.81
5.56
5.78
5.81
6.20
5.78
6.77
5.61
5.44
5.63
6.12
5.29
5.97
6.05
6.29
5.79
5.77
5.99
5.28
5.73
6.09
6.65
5.85
14.62
6.17
6.21
5.79
5.62
5.90
5.69
6.10
5.79
5.74
6.16
6.13
5.94
6.17
5.92
5.58
5.57
5.84
6.13
5.79
6.00
5.46
5.89
5.68
6.02
5.51
5.71
5.35
5.95
5.70
5.70
5.82
6.33
5.68
5.67
5.75
6.80
6.87
5.80
5.72
5.41
5.44
5.65
5.79
6.15
5.79
5.51
5.94
6.36
6.07
5.76
6.21
6.03
5.92
6.17
5.77
6.04
6.06
6.19
6.16
6.05
6.35
6.24
5.35
5.49
5.85
5.83
5.75
6.35
5.52
5.95
5.38
5.72
6.11
6.24
6.00
5.53
6.14
5.72
5.44
7.17
5.98
5.87
5.54
5.91
5.99
6.03
5.98
5.64
5.86
6.48
5.94
6.04
5.74
6.35
5.70
5.40
5.64
6.07
5.22
6.02
5.63
5.76
5.67
6.01
5.45
6.38
5.99
5.37
5.82
6.65
6.51
5.50
5.78
5.77
5.77
6.10
5.71
5.85
5.83
6.13
5.85
5.81
5.82
5.85
5.69
5.91
5.75
5.97
5.96
6.44
5.77
5.46
6.04
5.45
5.43
6.11
5.20
5.94
5.47
5.83
6.17
5.96
5.93
5.42
5.90
5.79
6.20
6.42
5.89
5.88
6.35
5.86
5.80
5.70
5.76
5.56
6.28
5.82
6.51
5.80
5.72
6.60
5.59
6.19
5.91
5.44
5.60
6.03
5.19
6.63
5.98
5.72
5.62
5.97
5.82
5.81
6.01
5.85
5.71
5.94
5.94
5.82
6.56
5.75
6.18
5.93
6.56
5.77
5.64
5.60
5.75
5.94
5.58
5.69
6.07
6.04
6.28
6.57
6.35
5.49
6.21
5.74
5.78
5.89
5.97
5.59
5.18
6.17
6.01
5.34
5.83
5.40
6.21
5.39
5.50
5.74
5.97
5.78
5.47
6.15
5.94
5.94
6.12
5.92
6.07
5.88
5.39
5.56
5.78
5.62
6.00
5.77
5.97
5.54
6.28
6.08
5.33
5.68
5.48
5.71
5.79
6.67
5.82
5.57
6.19
6.16
5.93
5.58
6.00
5.70
6.46
5.70
6.18
5.86
6.09
5.68
5.73
5.86
5.39
6.03
6.33
5.80
5.84
6.66
7.54
5.56
5.81
6.07
6.15
5.49
5.42
5.53
5.73
5.56
5.80
5.56
5.72
5.46
5.82
5.68
5.58
5.61
5.87
5.56
5.88
5.78
5.85
5.30
5.83
5.86
6.30
6.26
6.35
5.80
5.55
5.93
5.74
5.78
5.74
5.49
5.81
5.54
5.63
5.98
5.79
5.58
5.58
5.45
6.40
5.46
5.40
5.76
5.97
5.97
6.05
5.71
6.14
6.10
5.61
5.83
5.93
5.91
6.06
5.99
6.14
6.06
5.60
5.31
5.89
5.88
5.59
5.36
5.80
5.85
6.24
6.02
5.62
5.94
5.65
5.70
5.85
5.72
5.82
5.70
6.00
5.43
5.76
5.64
5.98
6.19
5.70
6.15
5.82
6.32
6.04
5.93
5.92
5.66
5.53
5.60
5.77
5.40
5.78
6.38
5.73
5.83
6.12
5.79
5.82
5.99
6.24
5.67
5.61
5.54
5.82
5.94
6.27
6.20
5.91
5.64
5.80
5.29
5.92
5.73
5.95
5.90
5.59
5.59
Resolver: Quad9 https://dns.quad9.net/dns-query
31.20
9.81
Resolver: CleanBrowsing https://doh.cleanbrowsing.org/doh/family-filter/
5.08
5.00
4.83
5.31
4.85
4.77
5.18
5.05
4.92
4.99
5.84
5.51
5.88
5.94
5.44
4.99
5.08
5.62
5.37
5.17
4.62
5.37
4.73
5.78
4.90
7.18
6.13
5.59
5.15
5.65
4.92
5.16
4.79
5.35
5.05
5.38
5.38
5.04
5.47
5.39
5.53
4.82
4.76
5.53
4.78
5.56
4.60
5.67
5.12
5.71
5.03
5.27
5.15
6.61
4.99
4.80
5.31
5.04
4.65
5.55
5.09
5.17
5.16
6.48
5.27
5.09
4.70
5.01
5.47
5.50
5.63
5.10
4.76
5.21
4.74
5.28
5.43
5.07
5.60
4.90
4.73
5.03
5.55
5.82
5.20
5.43
4.70
4.93
5.08
5.01
5.06
4.74
4.83
4.84
5.17
5.26
5.14
4.87
4.57
5.28
5.11
5.42
5.42
5.80
4.66
5.50
5.85
5.68
5.30
4.95
4.79
5.17
5.04
6.02
5.25
4.84
5.08
5.76
4.42
5.17
5.05
5.35
5.35
5.01
4.88
5.31
5.25
5.34
5.91
5.33
5.23
4.90
4.97
5.33
5.23
7.73
4.78
5.53
5.72
5.44
5.18
5.12
5.52
5.72
4.91
5.06
4.94
5.26
5.12
5.44
5.06
5.39
5.80
5.41
4.94
5.51
5.57
4.67
5.15
5.28
5.27
5.66
4.80
4.96
5.32
7.22
4.81
5.08
5.53
4.98
5.26
5.32
5.48
4.83
5.43
4.83
5.21
4.66
5.19
4.94
5.41
5.21
4.98
5.08
5.75
5.42
4.96
5.24
5.67
5.29
5.16
5.65
5.42
5.60
5.09
4.93
5.13
5.04
5.06
4.97
5.38
5.49
5.19
5.18
5.10
4.63
5.10
4.71
5.52
4.86
5.07
4.55
5.40
5.32
5.69
6.20
5.20
5.33
5.20
4.96
5.01
4.94
4.95
4.88
5.00
5.20
5.36
5.27
4.70
5.34
5.39
5.76
5.08
4.68
5.51
5.67
5.09
5.33
5.23
5.03
5.25
5.42
5.52
5.73
5.43
5.61
5.01
4.71
5.37
4.64
4.85
5.48
6.22
4.95
5.36
5.63
5.86
5.05
4.82
5.32
5.12
4.75
5.07
5.11
4.92
4.87
5.18
5.61
4.90
5.18
5.61
5.30
5.62
5.34
4.95
5.52
4.62
5.19
5.56
4.66
5.39
4.68
5.23
5.17
5.47
5.02
5.43
5.32
4.58
5.22
5.38
5.38
5.13
5.75
5.39
4.60
4.71
4.98
4.86
5.16
5.33
5.36
4.49
5.60
5.19
4.73
5.47
5.45
4.75
5.19
5.29
4.76
5.91
5.57
5.19
5.25
5.75
4.78
4.68
5.30
5.38
5.06
5.17
5.06
4.95
5.31
5.35
4.70
5.30
5.11
5.62
5.44
5.68
4.83
4.81
5.01
5.53
4.73
5.08
5.62
5.05
5.18
5.59
4.90
5.37
4.90
5.24
5.26
5.08
4.86
5.64
4.97
6.06
4.73
5.00
4.69
5.50
4.75
5.10
6.31
4.72
4.94
4.90
5.39
5.09
4.67
5.58
4.69
5.30
4.98
4.91
5.01
5.45
5.79
5.38
5.17
5.49
5.66
4.79
5.42
5.31
5.20
5.25
5.35
4.81
5.68
4.97
4.77
5.69
5.18
5.39
5.32
5.00
7.03
5.74
4.90
5.31
4.79
4.96
4.98
5.67
5.63
8.10
5.33
5.32
5.49
4.60
5.78
4.89
5.20
5.10
5.33
5.00
5.34
5.27
4.98
5.97
5.30
5.28
5.58
5.38
5.66
5.15
6.81
5.54
4.56
5.14
4.79
5.21
4.80
5.01
5.47
4.83
4.81
5.48
5.15
6.39
5.09
5.10
5.64
5.34
5.08
5.53
5.38
5.52
5.31
5.69
4.77
9.03
4.75
4.93
5.62
5.20
7.68
5.01
5.33
4.94
4.89
4.78
5.22
4.96
4.75
5.11
5.09
5.42
5.23
5.17
5.61
5.45
6.17
10.88
5.87
6.14
5.77
5.55
5.58
6.03
5.51
5.54
5.51
5.60
6.26
5.37
5.67
6.17
6.14
5.40
6.06
6.22
5.59
5.63
5.31
6.11
6.35
5.63
5.57
5.36
5.46
6.39
5.61
5.65
5.23
5.41
5.42
5.72
5.98
5.77
5.54
5.55
5.36
5.64
5.65
5.59
5.73
6.07
5.46
5.72
6.40
6.25
5.50
5.70
5.92
6.09
6.23
5.85
5.81
5.34
5.65
5.41
5.90
6.17
5.37
5.39
6.19
6.24
6.20
5.26
5.91
6.18
5.57
5.87
6.08
5.95
5.26
5.29
5.54
5.29
5.71
5.70
5.35
5.11
5.67
8.63
5.85
9.48
9.14
6.33
5.66
5.52
5.60
5.92
6.20
5.88
5.34
5.46
4.88
5.33
6.24
8.82
5.90
6.08
5.85
5.37
6.07
6.08
5.93
5.99
7.64
5.75
5.94
5.48
5.07
6.18
5.45
8.91
5.45
5.41
5.50
5.97
5.27
5.49
5.68
5.66
5.80
5.90
5.63
5.91
5.91
7.67
5.92
8.39
5.31
5.14
5.15
5.56
5.91
5.97
5.57
6.02
5.91
5.37
5.07
5.57
5.91
5.34
5.96
6.15
6.16
9.09
5.72
5.48
5.95
5.71
6.02
5.72
5.65
5.91
5.35
6.27
7.12
5.63
5.35
11.85
6.54
5.60
5.70
5.84
4.87
5.64
5.97
5.64
5.15
5.25
6.14
5.43
5.62
6.44
5.84
5.43
5.89
5.43
7.83
6.36
5.66
5.60
5.42
5.28
7.67
6.20
5.02
7.79
5.45
5.18
4.97
6.46
6.24
5.93
6.62
5.39
6.17
5.83
6.04
5.43
5.59
6.07
6.28
5.37
5.25
6.35
5.34
5.74
6.39
5.51
6.31
5.88
6.11
5.73
5.85
6.04
6.35
5.90
6.68
5.30
5.76
5.20
5.98
5.61
5.72
6.37
5.78
6.19
5.30
5.50
5.56
5.35
5.77
5.71
5.47
5.59
5.39
5.81
5.64
6.21
5.88
5.86
5.09
5.53
5.96
6.06
5.27
5.50
5.45
5.76
5.64
5.24
5.76
6.40
8.08
5.58
5.23
4.73
6.25
5.92
6.72
5.31
6.34
6.31
5.17
5.90
6.33
5.39
9.21
5.43
5.96
5.51
5.63
6.14
5.44
8.56
6.46
5.46
6.38
5.65
5.84
6.45
5.77
5.39
5.22
5.36
6.11
5.74
5.50
6.03
5.80
6.17
6.66
7.40
6.15
6.17
7.76
6.18
6.81
6.06
4.77
5.31
5.24
5.39
5.59
5.83
5.57
5.98
5.41
4.92
9.94
5.60
6.21
5.80
7.73
5.55
5.77
6.02
6.47
5.92
6.09
6.13
5.18
6.15
6.01
5.42
6.11
5.34
5.75
5.71
5.66
5.58
6.17
5.99
5.27
5.42
5.78
5.01
6.27
5.57
5.97
5.58
6.39
5.70
5.64
6.08
5.87
5.55
5.61
5.86
5.60
6.34
5.39
5.43
6.38
5.47
6.04
6.06
6.15
5.85
5.20
5.59
6.41
6.09
5.48
6.29
5.46
6.12
5.32
6.94
5.69
6.18
5.34
5.85
5.51
6.19
6.48
5.59
5.14
9.03
5.49
5.61
5.67
5.72
5.96
5.66
5.92
6.74
5.83
5.95
5.99
5.46
5.72
6.94
6.80
5.70
5.20
5.92
5.40
6.81
5.75
6.18
5.98
5.57
5.69
5.80
6.24
5.75
5.16
6.25
6.53
6.03
5.65
5.93
5.84
5.37
5.69
5.35
5.26
5.72
6.18
5.59
5.44
5.92
6.00
6.31
5.97
5.62
5.56
5.44
6.13
6.32
5.68
5.77
6.83
5.81
6.18
5.72
6.05
5.14
6.71
6.59
6.05
6.36
6.22
5.55
6.41
6.20
6.02
6.43
5.21
5.90
6.40
5.49
6.18
6.16
5.84
5.67
7.20
5.40
5.79
6.14
5.91
5.44
5.80
5.36
6.33
5.79
5.38
5.39
7.02
5.39
4.95
5.18
6.00
5.95
5.65
6.02
5.86
6.48
6.31
5.86
6.16
6.25
6.27
5.22
5.83
5.74
5.18
Resolver: blahdns.com_Japan https://doh-jp.blahdns.com/dns-query
5.35
5.32
5.10
5.16
4.91
5.17
5.07
5.46
5.10
5.35
5.66
5.15
5.21
5.26
5.48
5.11
5.06
5.61
5.44
5.27
5.61
4.90
5.28
5.00
5.27
5.61
5.40
5.21
5.00
5.41
5.70
5.32
5.05
5.21
4.76
5.08
6.01
4.57
5.05
4.81
4.86
5.49
5.08
5.00
6.26
5.11
5.32
5.08
5.06
5.08
5.05
5.58
5.31
5.28
5.08
5.01
5.18
4.76
5.48
5.24
5.08
5.06
8.48
5.85
5.26
4.70
5.15
5.25
5.43
5.20
5.33
5.35
5.68
5.26
5.33
5.38
5.37
4.74
5.09
5.61
5.29
4.65
5.22
4.72
5.31
5.03
5.32
5.16
4.92
5.06
5.27
5.30
5.24
5.38
5.04
5.17
4.82
5.17
4.64
4.77
5.34
4.87
5.74
5.05
4.85
4.93
5.41
4.90
5.42
5.23
5.62
5.80
5.87
5.36
5.01
5.05
4.82
4.92
5.18
5.13
4.74
5.48
5.12
5.07
4.82
5.31
4.65
5.18
5.33
4.90
5.08
5.14
5.69
4.81
5.33
5.06
4.88
5.47
5.05
4.95
5.52
5.04
5.53
4.73
5.55
5.23
5.46
5.26
4.74
5.49
5.13
4.72
5.32
4.97
5.27
5.01
5.24
5.17
5.53
5.31
5.71
5.45
4.60
5.56
4.61
5.05
5.62
5.03
5.25
5.01
5.70
5.47
5.21
5.26
5.45
5.10
5.35
5.08
5.21
5.18
5.36
5.60
4.85
5.46
5.06
5.49
5.72
4.98
4.88
5.43
4.94
4.68
5.29
5.32
4.73
5.29
5.06
5.03
4.75
5.23
5.25
5.56
4.94
5.16
5.06
5.21
5.62
4.94
5.49
5.20
6.52
5.56
5.48
4.88
5.75
4.96
5.22
5.77
5.03
5.12
5.14
4.72
4.95
5.34
5.45
5.03
4.99
5.18
4.80
5.12
4.84
4.99
5.37
4.92
5.49
4.98
5.06
5.37
5.41
4.95
4.86
4.92
5.14
5.20
5.15
5.29
4.90
5.46
5.01
5.27
5.02
5.27
5.11
5.03
5.01
5.09
5.00
4.85
5.03
4.85
5.36
4.99
5.66
5.39
4.61
5.32
5.33
4.81
5.78
5.08
4.81
5.00
4.59
4.90
5.03
5.38
5.20
5.24
6.10
4.74
5.13
5.28
4.91
4.85
5.20
5.39
4.89
5.50
5.05
5.06
5.56
5.07
5.13
5.08
5.24
5.24
5.26
5.24
5.02
5.15
5.05
4.82
4.81
5.52
5.35
4.79
5.14
5.09
5.38
4.91
4.91
4.60
5.34
5.29
4.46
5.61
5.04
5.33
5.52
4.78
4.95
5.71
5.03
4.75
4.73
4.74
5.38
4.78
4.76
5.24
4.86
5.26
4.99
5.42
5.85
4.90
5.15
5.02
4.76
5.31
4.93
4.83
5.44
5.48
5.69
4.87
5.29
5.08
5.00
5.37
4.96
4.84
4.92
5.69
4.97
5.48
5.06
4.97
5.75
5.03
4.83
4.99
5.02
5.21
5.22
5.01
5.20
4.93
5.46
6.74
5.26
5.10
5.90
4.88
5.36
5.09
5.64
5.12
4.71
5.28
5.20
5.10
5.67
4.72
5.16
5.22
4.62
4.46
9.67
5.18
5.25
4.93
5.24
5.33
4.88
5.14
4.90
5.17
5.04
5.00
5.01
4.97
4.86
5.02
5.36
4.86
4.98
5.20
5.27
4.87
5.19
5.37
5.09
4.94
5.54
4.82
5.11
5.52
5.65
5.27
5.02
4.81
5.10
5.33
5.33
5.04
5.09
5.02
5.24
5.34
5.50
4.68
5.08
5.15
4.94
4.96
5.55
5.22
5.15
5.44
5.39
4.79
4.64
5.56
5.22
4.95
5.02
5.07
5.73
5.54
4.85
4.81
5.17
5.20
5.50
5.14
5.31
5.05
5.10
4.92
6.41
4.93
5.27
4.87
5.41
5.15
5.50
5.17
5.42
5.51
5.02
5.10
4.72
5.66
5.14
4.83
4.86
5.78
5.46
5.37
4.99
5.06
4.95
4.90
5.65
5.49
5.13
5.23
5.35
5.39
5.20
5.49
4.90
5.35
5.45
5.12
5.40
5.33
5.20
4.91
5.53
5.07
5.10
5.85
5.32
5.18
4.98
5.32
5.52
5.05
5.42
5.55
5.17
5.17
5.30
6.00
5.26
4.80
5.15
5.07
4.86
5.04
4.92
5.22
4.92
5.21
5.28
5.33
5.17
5.59
4.98
5.37
5.28
5.30
5.06
5.20
5.10
4.94
5.07
5.49
4.66
5.03
5.52
5.29
5.18
5.16
5.03
5.04
5.18
4.65
5.44
5.01
5.12
5.46
5.07
4.86
5.26
4.94
5.17
4.96
5.51
4.43
5.36
5.01
4.96
11.31
5.81
4.64
4.97
5.11
5.12
4.97
5.28
4.97
4.93
5.16
5.20
5.52
5.41
5.17
5.40
5.49
5.10
5.24
5.13
5.14
5.18
4.74
5.06
4.75
5.09
5.04
5.02
5.59
5.06
5.06
5.32
5.39
5.33
5.57
5.30
5.13
4.90
5.49
5.38
5.32
5.34
5.29
5.02
5.00
5.42
4.99
5.04
4.60
5.29
5.48
4.84
4.99
5.31
5.46
5.63
4.83
5.14
5.77
5.15
5.29
5.40
5.14
5.09
4.81
5.38
5.27
5.21
5.39
5.64
5.32
5.33
5.39
4.58
4.88
4.86
5.04
5.04
5.04
5.47
5.02
5.03
5.30
5.02
4.89
4.86
5.35
4.87
5.35
4.98
5.02
5.23
5.14
5.25
5.10
5.27
4.93
5.56
5.30
5.56
5.13
5.22
5.17
5.25
5.23
5.02
5.42
5.22
4.99
5.46
5.14
5.50
5.36
5.10
5.06
5.74
5.35
5.43
5.34
4.84
5.23
5.16
5.08
5.15
5.36
5.03
5.04
5.28
5.22
5.23
5.05
5.24
5.07
5.17
5.89
5.30
5.61
4.96
5.20
4.94
5.22
4.80
5.48
5.37
5.42
5.30
4.67
5.34
5.24
5.59
5.72
5.53
5.33
5.10
5.52
5.93
4.94
5.27
5.58
4.77
5.54
5.17
4.82
5.03
4.90
5.03
4.99
4.93
5.53
5.51
5.11
5.34
5.26
5.29
5.04
4.82
4.99
4.83
4.60
5.03
5.21
6.08
5.15
4.95
5.30
5.07
4.87
5.28
4.82
4.63
5.21
4.95
5.53
4.53
5.06
5.49
5.08
5.82
5.19
4.94
4.99
5.29
5.24
5.19
5.58
5.50
5.20
5.30
5.42
5.32
5.25
5.47
4.67
4.99
4.84
5.20
5.38
5.55
5.16
5.10
5.10
4.85
5.01
5.34
5.57
5.06
5.17
5.53
5.49
5.08
5.04
4.90
5.38
4.80
4.86
5.11
4.83
4.67
5.40
5.07
4.94
5.26
5.21
4.94
5.11
5.18
5.34
5.22
5.21
5.52
5.10
4.86
4.74
5.39
5.14
5.22
4.81
5.41
5.14
5.71
5.52
5.25
5.16
4.45
4.74
5.32
5.11
4.83
5.07
5.21
5.07
4.87
5.29
4.96
5.44
4.70
5.01
5.14
5.02
4.92
4.59
5.44
4.96
5.28
5.48
5.34
5.17
5.39
5.25
4.84
5.13
5.17
4.90
5.57
5.46
4.67
5.39
5.52
5.36
4.90
5.05
5.18
5.03
5.21
5.22
5.04
5.14
5.74
5.25
4.85
5.47
5.41
5.60
5.08
4.93
4.81
5.78
5.63
5.31
5.14
5.04
5.19
4.82
5.29
5.20
5.14
4.88
5.21
5.11
5.07
5.22
5.10
5.16
5.25
4.87
5.31
4.80
5.41
5.71
5.21
5.30
5.08
4.57
5.38
4.95
5.45
5.21
5.23
5.64
4.44
4.93
5.11
5.52
4.78
5.72
5.23
5.64
5.09
5.16
5.90
5.05
5.13
4.64
4.79
5.39
5.09
4.84
5.37
5.19
5.37
5.54
5.15
5.22
5.29
4.90
4.93
4.51
5.57
5.27
5.08
5.49
5.37
5.41
4.76
5.86
4.90
5.15
5.42
4.98
5.19
4.95
5.16
Resolver: blahdns.com_Germany: https://doh-de.blahdns.com/dns-query
4.97
4.75
4.48
4.74
5.11
4.58
4.72
4.64
4.88
4.80
4.40
4.64
4.45
4.69
4.69
4.97
5.43
4.54
4.63
4.73
4.98
4.40
5.13
4.34
4.65
4.58
4.66
4.52
4.68
4.37
4.69
4.93
5.09
4.68
4.92
4.95
4.42
4.73
5.39
4.31
4.77
4.40
5.14
4.52
5.09
4.68
4.33
4.22
4.82
4.82
4.93
4.81
5.39
4.07
4.73
4.66
5.07
4.92
4.68
4.73
5.07
4.86
5.03
4.86
4.97
4.55
5.13
4.79
4.26
4.61
4.73
4.58
4.64
5.02
4.48
4.65
4.62
4.88
5.07
5.25
4.56
4.68
4.75
4.96
4.53
4.84
4.39
4.84
4.65
5.04
4.41
4.56
4.62
4.92
4.64
5.15
4.98
4.60
4.56
4.50
4.49
4.63
5.13
4.80
4.89
4.54
4.80
5.21
4.68
4.33
5.05
5.28
4.66
5.12
4.48
5.17
5.10
4.42
4.94
4.98
5.07
4.59
4.34
4.76
4.72
4.95
4.59
4.52
5.17
4.65
4.50
4.81
4.42
4.78
4.60
4.53
4.82
4.82
4.81
4.64
4.30
5.31
5.22
4.79
4.85
4.99
5.25
4.72
4.91
4.71
5.31
4.49
4.95
4.49
4.94
4.85
4.62
4.81
4.56
5.54
4.49
4.65
4.73
4.65
4.91
4.72
4.77
5.21
4.84
4.85
4.47
4.29
5.13
4.49
4.74
4.58
5.04
4.93
4.68
4.78
4.54
4.43
4.85
4.58
4.65
4.29
5.36
4.24
4.61
5.22
4.71
5.10
4.92
4.67
5.02
5.10
4.61
4.71
4.74
5.04
4.43
4.88
4.93
4.58
4.55
5.27
4.82
4.51
4.72
4.80
4.77
4.85
4.44
4.77
4.40
5.09
4.83
4.89
4.34
4.65
4.86
5.07
4.56
4.73
4.87
4.35
4.90
4.63
5.14
4.73
4.79
5.13
4.91
5.18
4.87
4.89
4.73
4.58
5.28
4.73
4.84
4.68
4.53
4.83
4.46
4.43
4.25
4.38
4.87
4.97
4.59
4.45
4.62
4.86
5.18
4.75
4.74
4.42
4.44
4.64
4.64
4.45
4.90
5.03
4.58
5.07
4.39
4.71
5.11
4.77
4.97
4.75
4.73
4.49
4.42
4.53
4.50
4.93
5.17
4.49
5.02
4.66
5.02
4.77
4.93
7.47
4.73
4.34
5.16
4.72
5.00
4.63
4.34
4.60
4.95
4.76
5.59
4.84
4.86
4.57
4.58
4.65
4.47
4.86
4.65
4.79
5.73
4.61
5.05
4.51
4.38
4.51
4.77
4.59
4.51
5.22
4.77
4.80
4.33
4.79
4.77
4.58
4.60
4.58
4.44
4.84
4.55
4.30
4.52
4.42
5.44
4.65
5.01
4.84
4.63
4.74
4.84
4.57
5.04
4.94
5.11
4.64
4.96
4.95
4.55
4.81
4.98
4.91
5.33
5.03
4.21
4.67
5.14
4.48
5.03
5.06
4.45
4.55
4.94
5.21
4.57
4.76
4.70
4.42
4.80
4.96
5.23
4.62
4.66
4.67
4.86
4.65
5.03
4.76
4.68
4.42
4.35
4.86
4.54
5.07
4.77
4.81
4.95
4.54
4.59
4.72
4.28
4.76
4.86
4.50
4.91
4.66
5.02
4.62
4.45
4.82
4.37
4.61
4.62
4.51
5.01
4.86
4.79
5.33
4.74
4.90
4.78
5.20
5.00
5.05
5.00
4.77
5.21
4.94
4.65
5.35
5.15
4.50
4.78
4.84
4.59
5.07
4.62
4.96
4.64
4.43
5.13
5.00
4.72
4.90
4.58
4.33
4.58
4.85
5.49
4.56
4.52
5.04
4.90
4.54
4.77
4.93
4.38
4.80
4.74
5.19
4.79
4.53
4.98
4.37
4.82
5.11
4.85
4.58
4.45
4.72
4.67
4.58
5.02
4.44
4.61
4.61
4.85
4.38
4.35
4.75
5.02
4.36
4.95
4.91
5.27
4.67
5.04
4.93
4.49
4.66
4.48
4.97
4.97
4.63
4.79
4.88
4.68
4.34
4.58
4.57
5.02
4.50
5.52
4.94
4.88
4.62
4.33
5.00
5.25
4.90
4.91
5.04
4.71
4.79
4.94
4.67
5.17
4.67
4.66
4.77
4.98
4.81
4.69
4.40
5.14
4.46
4.71
4.76
5.17
4.68
5.03
5.00
5.33
4.79
4.46
5.05
4.47
4.68
4.94
5.41
4.59
4.91
4.64
5.02
4.72
5.06
4.48
4.57
4.69
4.82
4.76
4.59
4.73
4.97
4.62
4.53
4.60
4.28
4.97
4.82
4.95
4.69
4.31
4.74
4.65
4.78
4.57
4.84
5.00
4.93
4.84
4.89
4.40
4.59
4.71
4.81
4.59
5.24
4.68
4.65
4.43
4.90
5.05
4.82
4.62
5.04
4.81
4.59
5.36
5.32
4.96
4.92
4.49
4.77
4.55
4.67
4.77
4.95
5.12
4.81
4.50
4.84
4.65
4.95
4.23
5.04
4.44
4.14
4.56
4.65
4.47
4.84
4.89
5.51
4.71
4.99
4.52
4.90
5.10
4.47
4.95
4.98
4.29
4.83
5.14
4.66
4.87
4.83
4.62
4.29
4.83
4.40
4.70
4.64
4.53
4.98
4.29
4.91
4.51
5.01
4.69
4.47
4.34
5.10
4.09
5.01
4.89
4.79
4.63
4.33
6.31
4.46
4.41
4.91
4.61
4.44
4.53
4.60
4.98
4.72
5.10
4.94
4.95
4.79
4.58
4.67
4.41
4.33
4.84
5.01
4.17
4.68
5.14
4.55
4.93
4.89
4.76
4.70
4.90
4.71
4.72
4.41
4.39
4.34
5.22
4.90
4.84
4.64
4.87
4.37
4.85
5.14
4.36
5.24
4.33
4.77
5.03
4.32
4.99
4.65
4.53
4.45
4.62
4.79
4.77
5.02
4.60
4.60
5.47
4.73
4.48
5.51
4.75
5.26
5.62
4.79
4.70
4.86
5.15
4.92
4.54
5.29
5.14
5.22
5.35
4.57
5.00
4.85
4.78
4.76
4.82
4.79
4.61
5.12
4.58
5.17
4.79
4.88
4.45
4.62
5.00
4.71
4.59
4.78
5.16
5.30
5.17
4.80
4.84
4.30
4.78
4.73
4.83
4.80
4.50
5.19
5.12
4.47
4.78
4.55
4.42
5.37
4.23
4.82
5.04
5.18
7.73
4.60
4.81
4.75
4.68
4.39
4.52
4.96
4.52
5.26
4.34
4.61
4.61
4.48
4.65
4.66
4.76
4.80
4.56
4.32
4.84
4.77
5.05
4.56
5.42
4.63
4.85
4.53
4.69
4.98
4.58
4.86
4.72
4.70
4.86
4.87
4.52
4.67
4.95
5.86
4.74
4.21
4.59
4.23
4.51
5.03
4.54
4.90
5.34
4.50
4.88
4.72
4.53
5.30
5.17
5.00
5.38
4.35
4.61
5.07
5.00
5.05
5.27
4.48
4.78
4.73
5.37
4.61
4.80
4.69
5.35
4.58
4.89
4.59
5.01
4.67
5.03
4.67
5.15
4.47
4.87
5.03
5.02
5.10
5.27
5.09
4.41
4.98
4.53
4.92
4.75
4.30
4.50
4.71
4.41
4.88
4.87
4.67
4.65
4.43
4.62
4.65
4.98
4.67
4.72
4.38
4.59
4.84
4.34
4.78
4.65
5.35
4.70
4.63
4.98
4.95
4.65
4.89
4.35
4.54
4.99
5.21
4.83
4.90
4.92
4.49
4.84
4.66
4.07
4.40
4.52
5.10
4.78
4.85
5.12
4.55
4.87
4.46
5.00
4.77
4.92
4.87
4.76
5.19
4.86
4.71
4.91
4.90
4.95
4.77
5.03
4.82
4.57
4.77
4.52
5.27
5.35
5.02
4.70
4.69
4.97
4.77
5.18
4.54
4.45
4.56
4.41
4.73
4.83
4.57
4.25
5.00
4.85
4.80
4.47
4.17
4.54
4.78
4.63
5.01
4.83
5.21
5.10
4.78
5.22
9.15
5.00
4.33
4.35
4.75
4.76
4.92
Resolver:
